[1, 1.0, 0],None,1081.0,0
[101, 1.0, 0],None,1069.0,0
[201, 1.0, 0],None,1174.0,0
[301, 1.0, 0],None,1226.0,0
[401, 1.0, 0],None,1202.0,0
[501, 1.0, 0],None,1254.0,0
[601, 1.0, 0],None,1343.0,0
[701, 1.0, 0],None,1353.0,0
[801, 1.0, 0],None,1392.0,0
[901, 1.0, 0],None,1517.0,0
[1001, 1.0, 0],None,1515.0,0
[1101, 1.0, 0],None,1562.0,0
[1201, 1.0, 0],None,1664.0,0
[1301, 1.0, 0],None,1842.0,0
[1401, 1.0, 0],None,1711.0,0
[1501, 1.0, 0],None,1740.0,0
[1601, 1.0, 0],None,1803.0,0
[1701, 1.0, 0],None,1841.0,0
[1801, 1.0, 0],None,1896.0,0
[1901, 1.0, 0],None,1934.0,0
[2001, 1.0, 0],None,1992.0,0
[2101, 1.0, 0],None,2031.0,0
[2201, 1.0, 0],None,2108.0,0
[2301, 1.0, 0],None,2120.0,0
[2401, 1.0, 0],None,2181.0,0
[2501, 1.0, 0],None,2230.0,0
[2601, 1.0, 0],None,2274.0,0
[2701, 1.0, 0],None,2349.0,0
[2801, 1.0, 0],None,2370.0,0
[2901, 1.0, 0],None,2422.0,0
[3001, 1.0, 0],None,2498.0,0
[3101, 1.0, 0],None,2524.0,0
[3201, 1.0, 0],None,2590.0,0
[3301, 1.0, 0],None,2623.0,0
[3401, 1.0, 0],None,2664.0,0
[3501, 1.0, 0],None,2722.0,0
[3601, 1.0, 0],None,2811.0,0
[3701, 1.0, 0],None,2831.0,0
[3801, 1.0, 0],None,2890.0,0
[3901, 1.0, 0],None,2961.0,0
[4001, 1.0, 0],None,3006.0,0
[4101, 1.0, 0],None,3045.0,0
[4201, 1.0, 0],None,3121.0,0
[4301, 1.0, 0],None,3197.0,0
[4401, 1.0, 0],None,3214.0,0
[4501, 1.0, 0],None,3287.0,0
[4601, 1.0, 0],None,3366.0,0
[4701, 1.0, 0],None,3400.0,0
[4801, 1.0, 0],None,3426.0,0
[4901, 1.0, 0],None,3426.0,0
[5001, 1.0, 0],None,3465.0,0
[5101, 1.0, 0],None,3499.0,0
[5201, 1.0, 0],None,3559.0,0
[5301, 1.0, 0],None,3597.0,0
[5401, 1.0, 0],None,3646.0,0
[5501, 1.0, 0],None,3681.0,0
[5601, 1.0, 0],None,3747.0,0
[5701, 1.0, 0],None,3791.0,0
[5801, 1.0, 0],None,3844.0,0
[5901, 1.0, 0],None,3889.0,0
[6001, 1.0, 0],None,3930.0,0
[6101, 1.0, 0],None,3968.0,0
[6201, 1.0, 0],None,4036.0,0
[6301, 1.0, 0],None,4063.0,0
[6401, 1.0, 0],None,4118.0,0
[6501, 1.0, 0],None,4184.0,0
[6601, 1.0, 0],None,4204.0,0
[6701, 1.0, 0],None,4281.0,0
[6801, 1.0, 0],None,4325.0,0
[6901, 1.0, 0],None,4348.0,0
[7001, 1.0, 0],None,4426.0,0
[7101, 1.0, 0],None,4450.0,0
[7201, 1.0, 0],None,4506.0,0
[7301, 1.0, 0],None,4574.0,0
[7401, 1.0, 0],None,4588.0,0
[7501, 1.0, 0],None,4636.0,0
[7601, 1.0, 0],None,4709.0,0
[7701, 1.0, 0],None,4738.0,0
[7801, 1.0, 0],None,4771.0,0
[7901, 1.0, 0],None,4841.0,0
[8001, 1.0, 0],None,4875.0,0
[8101, 1.0, 0],None,4924.0,0
[8201, 1.0, 0],None,4988.0,0
[8301, 1.0, 0],None,5032.0,0
[8401, 1.0, 0],None,5071.0,0
[8501, 1.0, 0],None,5182.0,0
[8601, 1.0, 0],None,5190.0,0
[8701, 1.0, 0],None,5204.0,0
[8801, 1.0, 0],None,5280.0,0
[8901, 1.0, 0],None,5315.0,0
[9001, 1.0, 0],None,5369.0,0
[9101, 1.0, 0],None,5442.0,0
[9201, 1.0, 0],None,5452.0,0
[9301, 1.0, 0],None,5501.0,0
[9401, 1.0, 0],None,5580.0,0
[9501, 1.0, 0],None,5597.0,0
[9601, 1.0, 0],None,5665.0,0
[9701, 1.0, 0],None,5740.0,0
[9801, 1.0, 0],None,5754.0,0
[9901, 1.0, 0],None,5786.0,0
[10000, 1.0, 0],None,5847.0,0
[1, 1.0, 4],None,1007.0,1
[101, 1.0, 4],None,1051.0,1
[201, 1.0, 4],None,1120.0,1
[301, 1.0, 4],None,1158.0,1
[401, 1.0, 4],None,1201.0,1
[501, 1.0, 4],None,1260.0,1
[601, 1.0, 4],None,1301.0,1
[701, 1.0, 4],None,1351.0,1
[801, 1.0, 4],None,1410.0,1
[901, 1.0, 4],None,1444.0,1
[1001, 1.0, 4],None,1500.0,1
[1101, 1.0, 4],None,1548.0,1
[1201, 1.0, 4],None,1604.0,1
[1301, 1.0, 4],None,1653.0,1
[1401, 1.0, 4],None,1704.0,1
[1501, 1.0, 4],None,1744.0,1
[1601, 1.0, 4],None,1784.0,1
[1701, 1.0, 4],None,1852.0,1
[1801, 1.0, 4],None,1884.0,1
[1901, 1.0, 4],None,1937.0,1
[2001, 1.0, 4],None,1999.0,1
[2101, 1.0, 4],None,2028.0,1
[2201, 1.0, 4],None,2076.0,1
[2301, 1.0, 4],None,2142.0,1
[2401, 1.0, 4],None,2183.0,1
[2501, 1.0, 4],None,2231.0,1
[2601, 1.0, 4],None,2297.0,1
[2701, 1.0, 4],None,2325.0,1
[2801, 1.0, 4],None,2360.0,1
[2901, 1.0, 4],None,2432.0,1
[3001, 1.0, 4],None,2468.0,1
[3101, 1.0, 4],None,2529.0,1
[3201, 1.0, 4],None,2578.0,1
[3301, 1.0, 4],None,2605.0,1
[3401, 1.0, 4],None,2652.0,1
[3501, 1.0, 4],None,2724.0,1
[3601, 1.0, 4],None,2756.0,1
[3701, 1.0, 4],None,2798.0,1
[3801, 1.0, 4],None,2875.0,1
[3901, 1.0, 4],None,2897.0,1
[4001, 1.0, 4],None,2934.0,1
[4101, 1.0, 4],None,3023.0,1
[4201, 1.0, 4],None,3052.0,1
[4301, 1.0, 4],None,3087.0,1
[4401, 1.0, 4],None,3161.0,1
[4501, 1.0, 4],None,3182.0,1
[4601, 1.0, 4],None,3221.0,1
[4701, 1.0, 4],None,3306.0,1
[4801, 1.0, 4],None,3321.0,1
[4901, 1.0, 4],None,3376.0,1
[5001, 1.0, 4],None,3451.0,1
[5101, 1.0, 4],None,3474.0,1
[5201, 1.0, 4],None,3522.0,1
[5301, 1.0, 4],None,3604.0,1
[5401, 1.0, 4],None,3630.0,1
[5501, 1.0, 4],None,3666.0,1
[5601, 1.0, 4],None,3738.0,1
[5701, 1.0, 4],None,3766.0,1
[5801, 1.0, 4],None,3812.0,1
[5901, 1.0, 4],None,3885.0,1
[6001, 1.0, 4],None,3914.0,1
[6101, 1.0, 4],None,3953.0,1
[6201, 1.0, 4],None,4027.0,1
[6301, 1.0, 4],None,4046.0,1
[6401, 1.0, 4],None,4093.0,1
[6501, 1.0, 4],None,4174.0,1
[6601, 1.0, 4],None,4196.0,1
[6701, 1.0, 4],None,4246.0,1
[6801, 1.0, 4],None,4316.0,1
[6901, 1.0, 4],None,4349.0,1
[7001, 1.0, 4],None,4374.0,1
[7101, 1.0, 4],None,4456.0,1
[7201, 1.0, 4],None,4488.0,1
[7301, 1.0, 4],None,4530.0,1
[7401, 1.0, 4],None,4592.0,1
[7501, 1.0, 4],None,4635.0,1
[7601, 1.0, 4],None,4668.0,1
[7701, 1.0, 4],None,4737.0,1
[7801, 1.0, 4],None,4778.0,1
[7901, 1.0, 4],None,4814.0,1
[8001, 1.0, 4],None,4886.0,1
[8101, 1.0, 4],None,4910.0,1
[8201, 1.0, 4],None,4959.0,1
[8301, 1.0, 4],None,5026.0,1
[8401, 1.0, 4],None,5064.0,1
[8501, 1.0, 4],None,5107.0,1
[8601, 1.0, 4],None,5180.0,1
[8701, 1.0, 4],None,5203.0,1
[8801, 1.0, 4],None,5242.0,1
[8901, 1.0, 4],None,5327.0,1
[9001, 1.0, 4],None,5348.0,1
[9101, 1.0, 4],None,5388.0,1
[9201, 1.0, 4],None,5463.0,1
[9301, 1.0, 4],None,5492.0,1
[9401, 1.0, 4],None,5531.0,1
[9501, 1.0, 4],None,5990.0,1
[9601, 1.0, 4],None,5695.0,1
[9701, 1.0, 4],None,5675.0,1
[9801, 1.0, 4],None,5731.0,1
[9901, 1.0, 4],None,5768.0,1
[10000, 1.0, 4],None,5825.0,1
[1, 0.001, 11],None,1567.0,2
[101, 0.001, 11],None,56088.0,2
[201, 0.001, 11],None,109066.0,2
[301, 0.001, 11],None,161931.0,2
[401, 0.001, 11],None,214158.0,2
[501, 0.001, 11],None,266735.0,2
[601, 0.001, 11],None,319473.0,2
[701, 0.001, 11],None,369117.0,2
[801, 0.001, 11],None,418795.0,2
[901, 0.001, 11],None,471426.0,2
[1001, 0.001, 11],None,524465.0,2
[1101, 0.001, 11],None,579034.0,2
[1201, 0.001, 11],None,625449.0,2
[1301, 0.001, 11],None,676566.0,2
[1401, 0.001, 11],None,728295.0,2
[1501, 0.001, 11],None,781591.0,2
[1601, 0.001, 11],None,832291.0,2
[1701, 0.001, 11],None,885818.0,2
[1801, 0.001, 11],None,937324.0,2
[1901, 0.001, 11],None,990886.0,2
[2001, 0.001, 11],None,1040622.0,2
[2101, 0.001, 11],None,1094084.0,2
[2201, 0.001, 11],None,1145232.0,2
[2301, 0.001, 11],None,1194143.0,2
[2401, 0.001, 11],None,1252722.0,2
[2501, 0.001, 11],None,1298076.0,2
[2601, 0.001, 11],None,1348296.0,2
[2701, 0.001, 11],None,1409333.0,2
[2801, 0.001, 11],None,1455210.0,2
[2901, 0.001, 11],None,1505837.0,2
[3001, 0.001, 11],None,1563544.0,2
[3101, 0.001, 11],None,1606944.0,2
[3201, 0.001, 11],None,1659921.0,2
[3301, 0.001, 11],None,1706364.0,2
[3401, 0.001, 11],None,1771782.0,2
[3501, 0.001, 11],None,1817213.0,2
[3601, 0.001, 11],None,1875194.0,2
[3701, 0.001, 11],None,1921072.0,2
[3801, 0.001, 11],None,1969500.0,2
[3901, 0.001, 11],None,2017649.0,2
[4001, 0.001, 11],None,2074217.0,2
[4101, 0.001, 11],None,2161631.0,2
[4201, 0.001, 11],None,2177732.0,2
[4301, 0.001, 11],None,2242667.0,2
[4401, 0.001, 11],None,2289275.0,2
[4501, 0.001, 11],None,2376774.0,2
[4601, 0.001, 11],None,2417218.0,2
[4701, 0.001, 11],None,2443617.0,2
[4801, 0.001, 11],None,2493320.0,2
[4901, 0.001, 11],None,2599508.0,2
[5001, 0.001, 11],None,2625302.0,2
[5101, 0.001, 11],None,2654037.0,2
[5201, 0.001, 11],None,2704163.0,2
[5301, 0.001, 11],None,2796759.0,2
[5401, 0.001, 11],None,2832386.0,2
[5501, 0.001, 11],None,2856320.0,2
[5601, 0.001, 11],None,2889015.0,2
[5701, 0.001, 11],None,2967461.0,2
[5801, 0.001, 11],None,3004966.0,2
[5901, 0.001, 11],None,3067071.0,2
[6001, 0.001, 11],None,3120044.0,2
[6101, 0.001, 11],None,3187092.0,2
[6201, 0.001, 11],None,3225401.0,2
[6301, 0.001, 11],None,3280896.0,2
[6401, 0.001, 11],None,3329697.0,2
[6501, 0.001, 11],None,3378935.0,2
[6601, 0.001, 11],None,3441822.0,2
[6701, 0.001, 11],None,3484309.0,2
[6801, 0.001, 11],None,3533491.0,2
[6901, 0.001, 11],None,3589559.0,2
[7001, 0.001, 11],None,3638035.0,2
[7101, 0.001, 11],None,3690501.0,2
[7201, 0.001, 11],None,3742358.0,2
[7301, 0.001, 11],None,3796648.0,2
[7401, 0.001, 11],None,3861474.0,2
[7501, 0.001, 11],None,3895899.0,2
[7601, 0.001, 11],None,3945987.0,2
[7701, 0.001, 11],None,4001338.0,2
[7801, 0.001, 11],None,4049884.0,2
[7901, 0.001, 11],None,4104348.0,2
[8001, 0.001, 11],None,4159072.0,2
[8101, 0.001, 11],None,4206508.0,2
[8201, 0.001, 11],None,4254671.0,2
[8301, 0.001, 11],None,4306808.0,2
[8401, 0.001, 11],None,4361537.0,2
[8501, 0.001, 11],None,4409450.0,2
[8601, 0.001, 11],None,4467935.0,2
[8701, 0.001, 11],None,4515779.0,2
[8801, 0.001, 11],None,4568684.0,2
[8901, 0.001, 11],None,4620479.0,2
[9001, 0.001, 11],None,4668759.0,2
[9101, 0.001, 11],None,4718478.0,2
[9201, 0.001, 11],None,4782143.0,2
[9301, 0.001, 11],None,4826604.0,2
[9401, 0.001, 11],None,4875071.0,2
[9501, 0.001, 11],None,4928682.0,2
[9601, 0.001, 11],None,4978931.0,2
[9701, 0.001, 11],None,5039469.0,2
[9801, 0.001, 11],None,5089056.0,2
[9901, 0.001, 11],None,5139572.0,2
[10000, 0.001, 11],None,5194990.0,2
[1, 1.0, 0],None,1019.0,3
[101, 1.0, 0],None,1077.0,3
[201, 1.0, 0],None,1111.0,3
[301, 1.0, 0],None,1152.0,3
[401, 1.0, 0],None,1215.0,3
[501, 1.0, 0],None,1253.0,3
[601, 1.0, 0],None,1299.0,3
[701, 1.0, 0],None,1369.0,3
[801, 1.0, 0],None,1392.0,3
[901, 1.0, 0],None,1448.0,3
[1001, 1.0, 0],None,1511.0,3
[1101, 1.0, 0],None,1547.0,3
[1201, 1.0, 0],None,1578.0,3
[1301, 1.0, 0],None,1650.0,3
[1401, 1.0, 0],None,1677.0,3
[1501, 1.0, 0],None,1733.0,3
[1601, 1.0, 0],None,1802.0,3
[1701, 1.0, 0],None,1826.0,3
[1801, 1.0, 0],None,1873.0,3
[1901, 1.0, 0],None,1951.0,3
[2001, 1.0, 0],None,1975.0,3
[2101, 1.0, 0],None,2012.0,3
[2201, 1.0, 0],None,2096.0,3
[2301, 1.0, 0],None,2110.0,3
[2401, 1.0, 0],None,2160.0,3
[2501, 1.0, 0],None,2225.0,3
[2601, 1.0, 0],None,2254.0,3
[2701, 1.0, 0],None,2296.0,3
[2801, 1.0, 0],None,2377.0,3
[2901, 1.0, 0],None,2400.0,3
[3001, 1.0, 0],None,2438.0,3
[3101, 1.0, 0],None,2525.0,3
[3201, 1.0, 0],None,2530.0,3
[3301, 1.0, 0],None,2592.0,3
[3401, 1.0, 0],None,2663.0,3
[3501, 1.0, 0],None,2679.0,3
[3601, 1.0, 0],None,2727.0,3
[3701, 1.0, 0],None,2810.0,3
[3801, 1.0, 0],None,2831.0,3
[3901, 1.0, 0],None,2872.0,3
[4001, 1.0, 0],None,2960.0,3
[4101, 1.0, 0],None,2974.0,3
[4201, 1.0, 0],None,3002.0,3
[4301, 1.0, 0],None,3098.0,3
[4401, 1.0, 0],None,3126.0,3
[4501, 1.0, 0],None,3190.0,3
[4601, 1.0, 0],None,3249.0,3
[4701, 1.0, 0],None,3270.0,3
[4801, 1.0, 0],None,3293.0,3
[4901, 1.0, 0],None,3380.0,3
[5001, 1.0, 0],None,3400.0,3
[5101, 1.0, 0],None,3433.0,3
[5201, 1.0, 0],None,3524.0,3
[5301, 1.0, 0],None,3552.0,3
[5401, 1.0, 0],None,3577.0,3
[5501, 1.0, 0],None,3674.0,3
[5601, 1.0, 0],None,3690.0,3
[5701, 1.0, 0],None,3727.0,3
[5801, 1.0, 0],None,3805.0,3
[5901, 1.0, 0],None,3827.0,3
[6001, 1.0, 0],None,3899.0,3
[6101, 1.0, 0],None,3948.0,3
[6201, 1.0, 0],None,3994.0,3
[6301, 1.0, 0],None,4006.0,3
[6401, 1.0, 0],None,4113.0,3
[6501, 1.0, 0],None,4121.0,3
[6601, 1.0, 0],None,4156.0,3
[6701, 1.0, 0],None,4249.0,3
[6801, 1.0, 0],None,4287.0,3
[6901, 1.0, 0],None,4295.0,3
[7001, 1.0, 0],None,4384.0,3
[7101, 1.0, 0],None,4401.0,3
[7201, 1.0, 0],None,4445.0,3
[7301, 1.0, 0],None,4523.0,3
[7401, 1.0, 0],None,4566.0,3
[7501, 1.0, 0],None,4584.0,3
[7601, 1.0, 0],None,4726.0,3
[7701, 1.0, 0],None,4726.0,3
[7801, 1.0, 0],None,4748.0,3
[7901, 1.0, 0],None,4807.0,3
[8001, 1.0, 0],None,4831.0,3
[8101, 1.0, 0],None,4872.0,3
[8201, 1.0, 0],None,4963.0,3
[8301, 1.0, 0],None,4977.0,3
[8401, 1.0, 0],None,5019.0,3
[8501, 1.0, 0],None,5104.0,3
[8601, 1.0, 0],None,5149.0,3
[8701, 1.0, 0],None,5190.0,3
[8801, 1.0, 0],None,5248.0,3
[8901, 1.0, 0],None,5259.0,3
[9001, 1.0, 0],None,5298.0,3
[9101, 1.0, 0],None,5397.0,3
[9201, 1.0, 0],None,5408.0,3
[9301, 1.0, 0],None,5489.0,3
[9401, 1.0, 0],None,5583.0,3
[9501, 1.0, 0],None,5562.0,3
[9601, 1.0, 0],None,5604.0,3
[9701, 1.0, 0],None,5711.0,3
[9801, 1.0, 0],None,5698.0,3
[9901, 1.0, 0],None,5773.0,3
[10000, 1.0, 0],None,5833.0,3
[1, 0.001, 100],None,1490.0,4
[101, 0.001, 100],None,52779.0,4
[201, 0.001, 100],None,104857.0,4
[301, 0.001, 100],None,156515.0,4
[401, 0.001, 100],None,207367.0,4
[501, 0.001, 100],None,259315.0,4
[601, 0.001, 100],None,310482.0,4
[701, 0.001, 100],None,361497.0,4
[801, 0.001, 100],None,413666.0,4
[901, 0.001, 100],None,465686.0,4
[1001, 0.001, 100],None,517252.0,4
[1101, 0.001, 100],None,568293.0,4
[1201, 0.001, 100],None,619818.0,4
[1301, 0.001, 100],None,671232.0,4
[1401, 0.001, 100],None,722732.0,4
[1501, 0.001, 100],None,775116.0,4
[1601, 0.001, 100],None,826189.0,4
[1701, 0.001, 100],None,878480.0,4
[1801, 0.001, 100],None,930586.0,4
[1901, 0.001, 100],None,980268.0,4
[2001, 0.001, 100],None,1032878.0,4
[2101, 0.001, 100],None,1084622.0,4
[2201, 0.001, 100],None,1135513.0,4
[2301, 0.001, 100],None,1186124.0,4
[2401, 0.001, 100],None,1239098.0,4
[2501, 0.001, 100],None,1288704.0,4
[2601, 0.001, 100],None,1339943.0,4
[2701, 0.001, 100],None,1394647.0,4
[2801, 0.001, 100],None,1452093.0,4
[2901, 0.001, 100],None,1494981.0,4
[3001, 0.001, 100],None,1546728.0,4
[3101, 0.001, 100],None,1597516.0,4
[3201, 0.001, 100],None,1647416.0,4
[3301, 0.001, 100],None,1703332.0,4
[3401, 0.001, 100],None,1756871.0,4
[3501, 0.001, 100],None,1815652.0,4
[3601, 0.001, 100],None,1856505.0,4
[3701, 0.001, 100],None,1906603.0,4
[3801, 0.001, 100],None,1978340.0,4
[3901, 0.001, 100],None,2022873.0,4
[4001, 0.001, 100],None,2063441.0,4
[4101, 0.001, 100],None,2121669.0,4
[4201, 0.001, 100],None,2169687.0,4
[4301, 0.001, 100],None,2225312.0,4
[4401, 0.001, 100],None,2272880.0,4
[4501, 0.001, 100],None,2348192.0,4
[4601, 0.001, 100],None,2390122.0,4
[4701, 0.001, 100],None,2441038.0,4
[4801, 0.001, 100],None,2511673.0,4
[4901, 0.001, 100],None,2544114.0,4
[5001, 0.001, 100],None,2596296.0,4
[5101, 0.001, 100],None,2652946.0,4
[5201, 0.001, 100],None,2700968.0,4
[5301, 0.001, 100],None,2756598.0,4
[5401, 0.001, 100],None,2808728.0,4
[5501, 0.001, 100],None,2860743.0,4
[5601, 0.001, 100],None,2915126.0,4
[5701, 0.001, 100],None,2959882.0,4
[5801, 0.001, 100],None,3011534.0,4
[5901, 0.001, 100],None,3062922.0,4
[6001, 0.001, 100],None,3118365.0,4
[6101, 0.001, 100],None,3173533.0,4
[6201, 0.001, 100],None,3220216.0,4
[6301, 0.001, 100],None,3271244.0,4
[6401, 0.001, 100],None,3322746.0,4
[6501, 0.001, 100],None,3376284.0,4
[6601, 0.001, 100],None,3433263.0,4
[6701, 0.001, 100],None,3482715.0,4
[6801, 0.001, 100],None,3529915.0,4
[6901, 0.001, 100],None,3589742.0,4
[7001, 0.001, 100],None,3633374.0,4
[7101, 0.001, 100],None,3690267.0,4
[7201, 0.001, 100],None,3743653.0,4
[7301, 0.001, 100],None,3788941.0,4
[7401, 0.001, 100],None,3840562.0,4
[7501, 0.001, 100],None,3890215.0,4
[7601, 0.001, 100],None,3940518.0,4
[7701, 0.001, 100],None,3994521.0,4
[7801, 0.001, 100],None,4052362.0,4
[7901, 0.001, 100],None,4105424.0,4
[8001, 0.001, 100],None,4149334.0,4
[8101, 0.001, 100],None,4204278.0,4
[8201, 0.001, 100],None,4251561.0,4
[8301, 0.001, 100],None,4302797.0,4
[8401, 0.001, 100],None,4362005.0,4
[8501, 0.001, 100],None,4406114.0,4
[8601, 0.001, 100],None,4459511.0,4
[8701, 0.001, 100],None,4520681.0,4
[8801, 0.001, 100],None,4564262.0,4
[8901, 0.001, 100],None,4633154.0,4
[9001, 0.001, 100],None,4667132.0,4
[9101, 0.001, 100],None,4715808.0,4
[9201, 0.001, 100],None,4772280.0,4
[9301, 0.001, 100],None,4822120.0,4
[9401, 0.001, 100],None,4871739.0,4
[9501, 0.001, 100],None,4932703.0,4
[9601, 0.001, 100],None,4983539.0,4
[9701, 0.001, 100],None,5028921.0,4
[9801, 0.001, 100],None,5080055.0,4
[9901, 0.001, 100],None,5131919.0,4
[10000, 0.001, 100],None,5193065.0,4
[1, 0.001, 0],None,1526.0,5
[101, 0.001, 0],None,52688.0,5
[201, 0.001, 0],None,104290.0,5
[301, 0.001, 0],None,155955.0,5
[401, 0.001, 0],None,208291.0,5
[501, 0.001, 0],None,259483.0,5
[601, 0.001, 0],None,311543.0,5
[701, 0.001, 0],None,361608.0,5
[801, 0.001, 0],None,413044.0,5
[901, 0.001, 0],None,464168.0,5
[1001, 0.001, 0],None,515970.0,5
[1101, 0.001, 0],None,568032.0,5
[1201, 0.001, 0],None,619714.0,5
[1301, 0.001, 0],None,671581.0,5
[1401, 0.001, 0],None,721338.0,5
[1501, 0.001, 0],None,773186.0,5
[1601, 0.001, 0],None,824479.0,5
[1701, 0.001, 0],None,877598.0,5
[1801, 0.001, 0],None,926873.0,5
[1901, 0.001, 0],None,980335.0,5
[2001, 0.001, 0],None,1031072.0,5
[2101, 0.001, 0],None,1082910.0,5
[2201, 0.001, 0],None,1132978.0,5
[2301, 0.001, 0],None,1186304.0,5
[2401, 0.001, 0],None,1241714.0,5
[2501, 0.001, 0],None,1289497.0,5
[2601, 0.001, 0],None,1338995.0,5
[2701, 0.001, 0],None,1389173.0,5
[2801, 0.001, 0],None,1442026.0,5
[2901, 0.001, 0],None,1496018.0,5
[3001, 0.001, 0],None,1553765.0,5
[3101, 0.001, 0],None,1599024.0,5
[3201, 0.001, 0],None,1647483.0,5
[3301, 0.001, 0],None,1699274.0,5
[3401, 0.001, 0],None,1752223.0,5
[3501, 0.001, 0],None,1814479.0,5
[3601, 0.001, 0],None,1856462.0,5
[3701, 0.001, 0],None,1909268.0,5
[3801, 0.001, 0],None,1961053.0,5
[3901, 0.001, 0],None,2028657.0,5
[4001, 0.001, 0],None,2070780.0,5
[4101, 0.001, 0],None,2117280.0,5
[4201, 0.001, 0],None,2175990.0,5
[4301, 0.001, 0],None,2226122.0,5
[4401, 0.001, 0],None,2274636.0,5
[4501, 0.001, 0],None,2323657.0,5
[4601, 0.001, 0],None,2396285.0,5
[4701, 0.001, 0],None,2444858.0,5
[4801, 0.001, 0],None,2495239.0,5
[4901, 0.001, 0],None,2548731.0,5
[5001, 0.001, 0],None,2599167.0,5
[5101, 0.001, 0],None,2650040.0,5
[5201, 0.001, 0],None,2705698.0,5
[5301, 0.001, 0],None,2757394.0,5
[5401, 0.001, 0],None,2805421.0,5
[5501, 0.001, 0],None,2861514.0,5
[5601, 0.001, 0],None,2908123.0,5
[5701, 0.001, 0],None,2960064.0,5
[5801, 0.001, 0],None,3016579.0,5
[5901, 0.001, 0],None,3063531.0,5
[6001, 0.001, 0],None,3117504.0,5
[6101, 0.001, 0],None,3167318.0,5
[6201, 0.001, 0],None,3219000.0,5
[6301, 0.001, 0],None,3271614.0,5
[6401, 0.001, 0],None,3333306.0,5
[6501, 0.001, 0],None,3380511.0,5
[6601, 0.001, 0],None,3428145.0,5
[6701, 0.001, 0],None,3483906.0,5
[6801, 0.001, 0],None,3530415.0,5
[6901, 0.001, 0],None,3587391.0,5
[7001, 0.001, 0],None,3637870.0,5
[7101, 0.001, 0],None,3685918.0,5
[7201, 0.001, 0],None,3736774.0,5
[7301, 0.001, 0],None,3788970.0,5
[7401, 0.001, 0],None,3844936.0,5
[7501, 0.001, 0],None,3892578.0,5
[7601, 0.001, 0],None,3944873.0,5
[7701, 0.001, 0],None,4002270.0,5
[7801, 0.001, 0],None,4051752.0,5
[7901, 0.001, 0],None,4100833.0,5
[8001, 0.001, 0],None,4149675.0,5
[8101, 0.001, 0],None,4207900.0,5
[8201, 0.001, 0],None,4254300.0,5
[8301, 0.001, 0],None,4304695.0,5
[8401, 0.001, 0],None,4353740.0,5
[8501, 0.001, 0],None,4404043.0,5
[8601, 0.001, 0],None,4468321.0,5
[8701, 0.001, 0],None,4521304.0,5
[8801, 0.001, 0],None,4564463.0,5
[8901, 0.001, 0],None,4613359.0,5
[9001, 0.001, 0],None,4672471.0,5
[9101, 0.001, 0],None,4723542.0,5
[9201, 0.001, 0],None,4781414.0,5
[9301, 0.001, 0],None,4829284.0,5
[9401, 0.001, 0],None,4875793.0,5
[9501, 0.001, 0],None,4923296.0,5
[9601, 0.001, 0],None,4989034.0,5
[9701, 0.001, 0],None,5028845.0,5
[9801, 0.001, 0],None,5099683.0,5
[9901, 0.001, 0],None,5138542.0,5
[10000, 0.001, 0],None,5203725.0,5
[1, 0.001, 100],None,1515.0,6
[101, 0.001, 100],None,52769.0,6
[201, 0.001, 100],None,104480.0,6
[301, 0.001, 100],None,155796.0,6
[401, 0.001, 100],None,207569.0,6
[501, 0.001, 100],None,259890.0,6
[601, 0.001, 100],None,310501.0,6
[701, 0.001, 100],None,361810.0,6
[801, 0.001, 100],None,414067.0,6
[901, 0.001, 100],None,464341.0,6
[1001, 0.001, 100],None,517207.0,6
[1101, 0.001, 100],None,568302.0,6
[1201, 0.001, 100],None,619130.0,6
[1301, 0.001, 100],None,671406.0,6
[1401, 0.001, 100],None,722407.0,6
[1501, 0.001, 100],None,784115.0,6
[1601, 0.001, 100],None,827889.0,6
[1701, 0.001, 100],None,880054.0,6
[1801, 0.001, 100],None,929072.0,6
[1901, 0.001, 100],None,979737.0,6
[2001, 0.001, 100],None,1036786.0,6
[2101, 0.001, 100],None,1085543.0,6
[2201, 0.001, 100],None,1135694.0,6
[2301, 0.001, 100],None,1186899.0,6
[2401, 0.001, 100],None,1237898.0,6
[2501, 0.001, 100],None,1297477.0,6
[2601, 0.001, 100],None,1343661.0,6
[2701, 0.001, 100],None,1395055.0,6
[2801, 0.001, 100],None,1443665.0,6
[2901, 0.001, 100],None,1496380.0,6
[3001, 0.001, 100],None,1555702.0,6
[3101, 0.001, 100],None,1599484.0,6
[3201, 0.001, 100],None,1651706.0,6
[3301, 0.001, 100],None,1703869.0,6
[3401, 0.001, 100],None,1753784.0,6
[3501, 0.001, 100],None,1814461.0,6
[3601, 0.001, 100],None,1856046.0,6
[3701, 0.001, 100],None,1908045.0,6
[3801, 0.001, 100],None,1983278.0,6
[3901, 0.001, 100],None,2027825.0,6
[4001, 0.001, 100],None,2065312.0,6
[4101, 0.001, 100],None,2140805.0,6
[4201, 0.001, 100],None,2175858.0,6
[4301, 0.001, 100],None,2218678.0,6
[4401, 0.001, 100],None,2297034.0,6
[4501, 0.001, 100],None,2339390.0,6
[4601, 0.001, 100],None,2393127.0,6
[4701, 0.001, 100],None,2447369.0,6
[4801, 0.001, 100],None,2495230.0,6
[4901, 0.001, 100],None,2556657.0,6
[5001, 0.001, 100],None,2600426.0,6
[5101, 0.001, 100],None,2650126.0,6
[5201, 0.001, 100],None,2702556.0,6
[5301, 0.001, 100],None,2755439.0,6
[5401, 0.001, 100],None,2807674.0,6
[5501, 0.001, 100],None,2860750.0,6
[5601, 0.001, 100],None,2914071.0,6
[5701, 0.001, 100],None,2960437.0,6
[5801, 0.001, 100],None,3013961.0,6
[5901, 0.001, 100],None,3061045.0,6
[6001, 0.001, 100],None,3119277.0,6
[6101, 0.001, 100],None,3172504.0,6
[6201, 0.001, 100],None,3222243.0,6
[6301, 0.001, 100],None,3270909.0,6
[6401, 0.001, 100],None,3323340.0,6
[6501, 0.001, 100],None,3376842.0,6
[6601, 0.001, 100],None,3433431.0,6
[6701, 0.001, 100],None,3495225.0,6
[6801, 0.001, 100],None,3529407.0,6
[6901, 0.001, 100],None,3581535.0,6
[7001, 0.001, 100],None,3635494.0,6
[7101, 0.001, 100],None,3684732.0,6
[7201, 0.001, 100],None,3745368.0,6
[7301, 0.001, 100],None,3792536.0,6
[7401, 0.001, 100],None,3841466.0,6
[7501, 0.001, 100],None,3891518.0,6
[7601, 0.001, 100],None,3944894.0,6
[7701, 0.001, 100],None,4003136.0,6
[7801, 0.001, 100],None,4056424.0,6
[7901, 0.001, 100],None,4107713.0,6
[8001, 0.001, 100],None,4155227.0,6
[8101, 0.001, 100],None,4201648.0,6
[8201, 0.001, 100],None,4255884.0,6
[8301, 0.001, 100],None,4305105.0,6
[8401, 0.001, 100],None,4359133.0,6
[8501, 0.001, 100],None,4431423.0,6
[8601, 0.001, 100],None,4465262.0,6
[8701, 0.001, 100],None,4514388.0,6
[8801, 0.001, 100],None,4567665.0,6
[8901, 0.001, 100],None,4621943.0,6
[9001, 0.001, 100],None,4671882.0,6
[9101, 0.001, 100],None,4728686.0,6
[9201, 0.001, 100],None,4777945.0,6
[9301, 0.001, 100],None,4822988.0,6
[9401, 0.001, 100],None,4874535.0,6
[9501, 0.001, 100],None,4930841.0,6
[9601, 0.001, 100],None,4982062.0,6
[9701, 0.001, 100],None,5030692.0,6
[9801, 0.001, 100],None,5085990.0,6
[9901, 0.001, 100],None,5133250.0,6
[10000, 0.001, 100],None,5186372.0,6
[1, 0.001, 11],None,1528.0,7
[101, 0.001, 11],None,52778.0,7
[201, 0.001, 11],None,105364.0,7
[301, 0.001, 11],None,156919.0,7
[401, 0.001, 11],None,208441.0,7
[501, 0.001, 11],None,260375.0,7
[601, 0.001, 11],None,311713.0,7
[701, 0.001, 11],None,363628.0,7
[801, 0.001, 11],None,414087.0,7
[901, 0.001, 11],None,465323.0,7
[1001, 0.001, 11],None,518259.0,7
[1101, 0.001, 11],None,569222.0,7
[1201, 0.001, 11],None,621225.0,7
[1301, 0.001, 11],None,673191.0,7
[1401, 0.001, 11],None,723611.0,7
[1501, 0.001, 11],None,775947.0,7
[1601, 0.001, 11],None,826809.0,7
[1701, 0.001, 11],None,879737.0,7
[1801, 0.001, 11],None,929366.0,7
[1901, 0.001, 11],None,981319.0,7
[2001, 0.001, 11],None,1033758.0,7
[2101, 0.001, 11],None,1085198.0,7
[2201, 0.001, 11],None,1136349.0,7
[2301, 0.001, 11],None,1188673.0,7
[2401, 0.001, 11],None,1238905.0,7
[2501, 0.001, 11],None,1290260.0,7
[2601, 0.001, 11],None,1340709.0,7
[2701, 0.001, 11],None,1392467.0,7
[2801, 0.001, 11],None,1445576.0,7
[2901, 0.001, 11],None,1499132.0,7
[3001, 0.001, 11],None,1553188.0,7
[3101, 0.001, 11],None,1595835.0,7
[3201, 0.001, 11],None,1648917.0,7
[3301, 0.001, 11],None,1707948.0,7
[3401, 0.001, 11],None,1754641.0,7
[3501, 0.001, 11],None,1815027.0,7
[3601, 0.001, 11],None,1853821.0,7
[3701, 0.001, 11],None,1908288.0,7
[3801, 0.001, 11],None,1979334.0,7
[3901, 0.001, 11],None,2018617.0,7
[4001, 0.001, 11],None,2062998.0,7
[4101, 0.001, 11],None,2131986.0,7
[4201, 0.001, 11],None,2174408.0,7
[4301, 0.001, 11],None,2218027.0,7
[4401, 0.001, 11],None,2274552.0,7
[4501, 0.001, 11],None,2341518.0,7
[4601, 0.001, 11],None,2380253.0,7
[4701, 0.001, 11],None,2426204.0,7
[4801, 0.001, 11],None,2500455.0,7
[4901, 0.001, 11],None,2545641.0,7
[5001, 0.001, 11],None,2598775.0,7
[5101, 0.001, 11],None,2653717.0,7
[5201, 0.001, 11],None,2699925.0,7
[5301, 0.001, 11],None,2755730.0,7
[5401, 0.001, 11],None,2805885.0,7
[5501, 0.001, 11],None,2855491.0,7
[5601, 0.001, 11],None,2911063.0,7
[5701, 0.001, 11],None,2963743.0,7
[5801, 0.001, 11],None,3011368.0,7
[5901, 0.001, 11],None,3067503.0,7
[6001, 0.001, 11],None,3111423.0,7
[6101, 0.001, 11],None,3165927.0,7
[6201, 0.001, 11],None,3216954.0,7
[6301, 0.001, 11],None,3276651.0,7
[6401, 0.001, 11],None,3323196.0,7
[6501, 0.001, 11],None,3379536.0,7
[6601, 0.001, 11],None,3427582.0,7
[6701, 0.001, 11],None,3477908.0,7
[6801, 0.001, 11],None,3528714.0,7
[6901, 0.001, 11],None,3588221.0,7
[7001, 0.001, 11],None,3631376.0,7
[7101, 0.001, 11],None,3684568.0,7
[7201, 0.001, 11],None,3737326.0,7
[7301, 0.001, 11],None,3787400.0,7
[7401, 0.001, 11],None,3860874.0,7
[7501, 0.001, 11],None,3896945.0,7
[7601, 0.001, 11],None,3939793.0,7
[7701, 0.001, 11],None,4009728.0,7
[7801, 0.001, 11],None,4047309.0,7
[7901, 0.001, 11],None,4113247.0,7
[8001, 0.001, 11],None,4150382.0,7
[8101, 0.001, 11],None,4206840.0,7
[8201, 0.001, 11],None,4259108.0,7
[8301, 0.001, 11],None,4303847.0,7
[8401, 0.001, 11],None,4362369.0,7
[8501, 0.001, 11],None,4408292.0,7
[8601, 0.001, 11],None,4477148.0,7
[8701, 0.001, 11],None,4515738.0,7
[8801, 0.001, 11],None,4566563.0,7
[8901, 0.001, 11],None,4625897.0,7
[9001, 0.001, 11],None,4667387.0,7
[9101, 0.001, 11],None,4732083.0,7
[9201, 0.001, 11],None,4797333.0,7
[9301, 0.001, 11],None,4823654.0,7
[9401, 0.001, 11],None,4871503.0,7
[9501, 0.001, 11],None,4928105.0,7
[9601, 0.001, 11],None,4978560.0,7
[9701, 0.001, 11],None,5038908.0,7
[9801, 0.001, 11],None,5092027.0,7
[9901, 0.001, 11],None,5137850.0,7
[10000, 0.001, 11],None,5190238.0,7
[1, 1.0, 0],None,1043.0,8
[101, 1.0, 0],None,1067.0,8
[201, 1.0, 0],None,1124.0,8
[301, 1.0, 0],None,1171.0,8
[401, 1.0, 0],None,1210.0,8
[501, 1.0, 0],None,1262.0,8
[601, 1.0, 0],None,1346.0,8
[701, 1.0, 0],None,1356.0,8
[801, 1.0, 0],None,1389.0,8
[901, 1.0, 0],None,1461.0,8
[1001, 1.0, 0],None,1500.0,8
[1101, 1.0, 0],None,1531.0,8
[1201, 1.0, 0],None,1626.0,8
[1301, 1.0, 0],None,1649.0,8
[1401, 1.0, 0],None,1685.0,8
[1501, 1.0, 0],None,1757.0,8
[1601, 1.0, 0],None,1792.0,8
[1701, 1.0, 0],None,1833.0,8
[1801, 1.0, 0],None,1907.0,8
[1901, 1.0, 0],None,1932.0,8
[2001, 1.0, 0],None,1973.0,8
[2101, 1.0, 0],None,2051.0,8
[2201, 1.0, 0],None,2081.0,8
[2301, 1.0, 0],None,2115.0,8
[2401, 1.0, 0],None,2232.0,8
[2501, 1.0, 0],None,2228.0,8
[2601, 1.0, 0],None,2272.0,8
[2701, 1.0, 0],None,2335.0,8
[2801, 1.0, 0],None,2355.0,8
[2901, 1.0, 0],None,2435.0,8
[3001, 1.0, 0],None,2482.0,8
[3101, 1.0, 0],None,2503.0,8
[3201, 1.0, 0],None,2554.0,8
[3301, 1.0, 0],None,2657.0,8
[3401, 1.0, 0],None,2647.0,8
[3501, 1.0, 0],None,2687.0,8
[3601, 1.0, 0],None,2777.0,8
[3701, 1.0, 0],None,2799.0,8
[3801, 1.0, 0],None,2828.0,8
[3901, 1.0, 0],None,2923.0,8
[4001, 1.0, 0],None,2933.0,8
[4101, 1.0, 0],None,2975.0,8
[4201, 1.0, 0],None,3099.0,8
[4301, 1.0, 0],None,3087.0,8
[4401, 1.0, 0],None,3134.0,8
[4501, 1.0, 0],None,3203.0,8
[4601, 1.0, 0],None,3223.0,8
[4701, 1.0, 0],None,3267.0,8
[4801, 1.0, 0],None,3339.0,8
[4901, 1.0, 0],None,3363.0,8
[5001, 1.0, 0],None,3405.0,8
[5101, 1.0, 0],None,3499.0,8
[5201, 1.0, 0],None,3497.0,8
[5301, 1.0, 0],None,3568.0,8
[5401, 1.0, 0],None,3632.0,8
[5501, 1.0, 0],None,3660.0,8
[5601, 1.0, 0],None,3688.0,8
[5701, 1.0, 0],None,3782.0,8
[5801, 1.0, 0],None,3804.0,8
[5901, 1.0, 0],None,3867.0,8
[6001, 1.0, 0],None,3927.0,8
[6101, 1.0, 0],None,3946.0,8
[6201, 1.0, 0],None,3978.0,8
[6301, 1.0, 0],None,4066.0,8
[6401, 1.0, 0],None,4090.0,8
[6501, 1.0, 0],None,4128.0,8
[6601, 1.0, 0],None,4202.0,8
[6701, 1.0, 0],None,4223.0,8
[6801, 1.0, 0],None,4271.0,8
[6901, 1.0, 0],None,4394.0,8
[7001, 1.0, 0],None,4370.0,8
[7101, 1.0, 0],None,4463.0,8
[7201, 1.0, 0],None,4501.0,8
[7301, 1.0, 0],None,4500.0,8
[7401, 1.0, 0],None,4564.0,8
[7501, 1.0, 0],None,4688.0,8
[7601, 1.0, 0],None,4705.0,8
[7701, 1.0, 0],None,4687.0,8
[7801, 1.0, 0],None,4779.0,8
[7901, 1.0, 0],None,4799.0,8
[8001, 1.0, 0],None,4832.0,8
[8101, 1.0, 0],None,4928.0,8
[8201, 1.0, 0],None,4979.0,8
[8301, 1.0, 0],None,4997.0,8
[8401, 1.0, 0],None,5073.0,8
[8501, 1.0, 0],None,5096.0,8
[8601, 1.0, 0],None,5120.0,8
[8701, 1.0, 0],None,5216.0,8
[8801, 1.0, 0],None,5236.0,8
[8901, 1.0, 0],None,5265.0,8
[9001, 1.0, 0],None,5365.0,8
[9101, 1.0, 0],None,5369.0,8
[9201, 1.0, 0],None,5407.0,8
[9301, 1.0, 0],None,5512.0,8
[9401, 1.0, 0],None,5526.0,8
[9501, 1.0, 0],None,5587.0,8
[9601, 1.0, 0],None,5690.0,8
[9701, 1.0, 0],None,5668.0,8
[9801, 1.0, 0],None,5701.0,8
[9901, 1.0, 0],None,5805.0,8
[10000, 1.0, 0],None,5813.0,8
[1, 0.001, 100],None,1486.0,9
[101, 0.001, 100],None,52776.0,9
[201, 0.001, 100],None,104617.0,9
[301, 0.001, 100],None,156703.0,9
[401, 0.001, 100],None,208262.0,9
[501, 0.001, 100],None,259731.0,9
[601, 0.001, 100],None,311269.0,9
[701, 0.001, 100],None,362934.0,9
[801, 0.001, 100],None,414242.0,9
[901, 0.001, 100],None,465249.0,9
[1001, 0.001, 100],None,517082.0,9
[1101, 0.001, 100],None,568343.0,9
[1201, 0.001, 100],None,619432.0,9
[1301, 0.001, 100],None,671918.0,9
[1401, 0.001, 100],None,722723.0,9
[1501, 0.001, 100],None,774790.0,9
[1601, 0.001, 100],None,828897.0,9
[1701, 0.001, 100],None,876526.0,9
[1801, 0.001, 100],None,928076.0,9
[1901, 0.001, 100],None,980879.0,9
[2001, 0.001, 100],None,1030382.0,9
[2101, 0.001, 100],None,1085180.0,9
[2201, 0.001, 100],None,1135687.0,9
[2301, 0.001, 100],None,1185625.0,9
[2401, 0.001, 100],None,1237339.0,9
[2501, 0.001, 100],None,1287837.0,9
[2601, 0.001, 100],None,1340371.0,9
[2701, 0.001, 100],None,1393310.0,9
[2801, 0.001, 100],None,1444130.0,9
[2901, 0.001, 100],None,1494170.0,9
[3001, 0.001, 100],None,1554899.0,9
[3101, 0.001, 100],None,1595636.0,9
[3201, 0.001, 100],None,1647509.0,9
[3301, 0.001, 100],None,1702516.0,9
[3401, 0.001, 100],None,1754631.0,9
[3501, 0.001, 100],None,1816314.0,9
[3601, 0.001, 100],None,1854636.0,9
[3701, 0.001, 100],None,1908905.0,9
[3801, 0.001, 100],None,1980890.0,9
[3901, 0.001, 100],None,2020075.0,9
[4001, 0.001, 100],None,2064346.0,9
[4101, 0.001, 100],None,2138054.0,9
[4201, 0.001, 100],None,2174451.0,9
[4301, 0.001, 100],None,2218301.0,9
[4401, 0.001, 100],None,2295515.0,9
[4501, 0.001, 100],None,2344297.0,9
[4601, 0.001, 100],None,2392171.0,9
[4701, 0.001, 100],None,2446777.0,9
[4801, 0.001, 100],None,2495838.0,9
[4901, 0.001, 100],None,2545694.0,9
[5001, 0.001, 100],None,2602681.0,9
[5101, 0.001, 100],None,2650983.0,9
[5201, 0.001, 100],None,2704684.0,9
[5301, 0.001, 100],None,2760604.0,9
[5401, 0.001, 100],None,2807173.0,9
[5501, 0.001, 100],None,2856280.0,9
[5601, 0.001, 100],None,2911700.0,9
[5701, 0.001, 100],None,2960953.0,9
[5801, 0.001, 100],None,3014534.0,9
[5901, 0.001, 100],None,3062681.0,9
[6001, 0.001, 100],None,3115528.0,9
[6101, 0.001, 100],None,3170547.0,9
[6201, 0.001, 100],None,3226239.0,9
[6301, 0.001, 100],None,3279707.0,9
[6401, 0.001, 100],None,3324254.0,9
[6501, 0.001, 100],None,3382169.0,9
[6601, 0.001, 100],None,3429511.0,9
[6701, 0.001, 100],None,3480731.0,9
[6801, 0.001, 100],None,3533895.0,9
[6901, 0.001, 100],None,3585076.0,9
[7001, 0.001, 100],None,3640881.0,9
[7101, 0.001, 100],None,3687481.0,9
[7201, 0.001, 100],None,3739884.0,9
[7301, 0.001, 100],None,3796558.0,9
[7401, 0.001, 100],None,3848170.0,9
[7501, 0.001, 100],None,3901657.0,9
[7601, 0.001, 100],None,3944091.0,9
[7701, 0.001, 100],None,3997417.0,9
[7801, 0.001, 100],None,4052540.0,9
[7901, 0.001, 100],None,4107440.0,9
[8001, 0.001, 100],None,4150837.0,9
[8101, 0.001, 100],None,4198521.0,9
[8201, 0.001, 100],None,4253859.0,9
[8301, 0.001, 100],None,4304910.0,9
[8401, 0.001, 100],None,4361691.0,9
[8501, 0.001, 100],None,4406585.0,9
[8601, 0.001, 100],None,4468499.0,9
[8701, 0.001, 100],None,4514857.0,9
[8801, 0.001, 100],None,4569951.0,9
[8901, 0.001, 100],None,4623971.0,9
[9001, 0.001, 100],None,4668144.0,9
[9101, 0.001, 100],None,4726239.0,9
[9201, 0.001, 100],None,4773441.0,9
[9301, 0.001, 100],None,4824176.0,9
[9401, 0.001, 100],None,4873597.0,9
[9501, 0.001, 100],None,4924663.0,9
[9601, 0.001, 100],None,4985439.0,9
[9701, 0.001, 100],None,5039516.0,9
[9801, 0.001, 100],None,5083554.0,9
[9901, 0.001, 100],None,5135682.0,9
[10000, 0.001, 100],None,5185268.0,9
[1, 0.1, 4],None,1023.0,10
[101, 0.1, 4],None,1496.0,10
[201, 0.1, 4],None,1997.0,10
[301, 0.1, 4],None,2462.0,10
[401, 0.1, 4],None,2926.0,10
[501, 0.1, 4],None,3444.0,10
[601, 0.1, 4],None,3875.0,10
[701, 0.1, 4],None,4354.0,10
[801, 0.1, 4],None,4870.0,10
[901, 0.1, 4],None,5309.0,10
[1001, 0.1, 4],None,5776.0,10
[1101, 0.1, 4],None,6350.0,10
[1201, 0.1, 4],None,6738.0,10
[1301, 0.1, 4],None,7215.0,10
[1401, 0.1, 4],None,7777.0,10
[1501, 0.1, 4],None,8194.0,10
[1601, 0.1, 4],None,8753.0,10
[1701, 0.1, 4],None,9279.0,10
[1801, 0.1, 4],None,9799.0,10
[1901, 0.1, 4],None,10332.0,10
[2001, 0.1, 4],None,10804.0,10
[2101, 0.1, 4],None,11270.0,10
[2201, 0.1, 4],None,11805.0,10
[2301, 0.1, 4],None,12432.0,10
[2401, 0.1, 4],None,12865.0,10
[2501, 0.1, 4],None,13478.0,10
[2601, 0.1, 4],None,13877.0,10
[2701, 0.1, 4],None,14408.0,10
[2801, 0.1, 4],None,14953.0,10
[2901, 0.1, 4],None,15468.0,10
[3001, 0.1, 4],None,15982.0,10
[3101, 0.1, 4],None,16524.0,10
[3201, 0.1, 4],None,17036.0,10
[3301, 0.1, 4],None,17464.0,10
[3401, 0.1, 4],None,18086.0,10
[3501, 0.1, 4],None,18647.0,10
[3601, 0.1, 4],None,19068.0,10
[3701, 0.1, 4],None,19604.0,10
[3801, 0.1, 4],None,20199.0,10
[3901, 0.1, 4],None,20674.0,10
[4001, 0.1, 4],None,21202.0,10
[4101, 0.1, 4],None,21875.0,10
[4201, 0.1, 4],None,22190.0,10
[4301, 0.1, 4],None,22694.0,10
[4401, 0.1, 4],None,23482.0,10
[4501, 0.1, 4],None,23693.0,10
[4601, 0.1, 4],None,24285.0,10
[4701, 0.1, 4],None,24806.0,10
[4801, 0.1, 4],None,25270.0,10
[4901, 0.1, 4],None,25910.0,10
[5001, 0.1, 4],None,26311.0,10
[5101, 0.1, 4],None,26840.0,10
[5201, 0.1, 4],None,27471.0,10
[5301, 0.1, 4],None,27932.0,10
[5401, 0.1, 4],None,28456.0,10
[5501, 0.1, 4],None,28941.0,10
[5601, 0.1, 4],None,29522.0,10
[5701, 0.1, 4],None,30046.0,10
[5801, 0.1, 4],None,30587.0,10
[5901, 0.1, 4],None,31274.0,10
[6001, 0.1, 4],None,31555.0,10
[6101, 0.1, 4],None,32044.0,10
[6201, 0.1, 4],None,32684.0,10
[6301, 0.1, 4],None,33144.0,10
[6401, 0.1, 4],None,34246.0,10
[6501, 0.1, 4],None,34197.0,10
[6601, 0.1, 4],None,34687.0,10
[6701, 0.1, 4],None,35297.0,10
[6801, 0.1, 4],None,35744.0,10
[6901, 0.1, 4],None,36272.0,10
[7001, 0.1, 4],None,36716.0,10
[7101, 0.1, 4],None,37375.0,10
[7201, 0.1, 4],None,37827.0,10
[7301, 0.1, 4],None,38345.0,10
[7401, 0.1, 4],None,38816.0,10
[7501, 0.1, 4],None,39336.0,10
[7601, 0.1, 4],None,39866.0,10
[7701, 0.1, 4],None,40583.0,10
[7801, 0.1, 4],None,41007.0,10
[7901, 0.1, 4],None,41368.0,10
[8001, 0.1, 4],None,41917.0,10
[8101, 0.1, 4],None,42575.0,10
[8201, 0.1, 4],None,43013.0,10
[8301, 0.1, 4],None,43583.0,10
[8401, 0.1, 4],None,44002.0,10
[8501, 0.1, 4],None,44581.0,10
[8601, 0.1, 4],None,45039.0,10
[8701, 0.1, 4],None,45626.0,10
[8801, 0.1, 4],None,46112.0,10
[8901, 0.1, 4],None,46722.0,10
[9001, 0.1, 4],None,47121.0,10
[9101, 0.1, 4],None,47663.0,10
[9201, 0.1, 4],None,48155.0,10
[9301, 0.1, 4],None,48764.0,10
[9401, 0.1, 4],None,49228.0,10
[9501, 0.1, 4],None,50044.0,10
[9601, 0.1, 4],None,50216.0,10
[9701, 0.1, 4],None,50717.0,10
[9801, 0.1, 4],None,51205.0,10
[9901, 0.1, 4],None,51806.0,10
[10000, 0.1, 4],None,52316.0,10
[1, 0.001, 100],None,1518.0,11
[101, 0.001, 100],None,52791.0,11
[201, 0.001, 100],None,104587.0,11
[301, 0.001, 100],None,156452.0,11
[401, 0.001, 100],None,207559.0,11
[501, 0.001, 100],None,259395.0,11
[601, 0.001, 100],None,311067.0,11
[701, 0.001, 100],None,363178.0,11
[801, 0.001, 100],None,414967.0,11
[901, 0.001, 100],None,466178.0,11
[1001, 0.001, 100],None,517121.0,11
[1101, 0.001, 100],None,568606.0,11
[1201, 0.001, 100],None,620548.0,11
[1301, 0.001, 100],None,671676.0,11
[1401, 0.001, 100],None,724020.0,11
[1501, 0.001, 100],None,775685.0,11
[1601, 0.001, 100],None,826525.0,11
[1701, 0.001, 100],None,877242.0,11
[1801, 0.001, 100],None,929111.0,11
[1901, 0.001, 100],None,980768.0,11
[2001, 0.001, 100],None,1033414.0,11
[2101, 0.001, 100],None,1085629.0,11
[2201, 0.001, 100],None,1133885.0,11
[2301, 0.001, 100],None,1185856.0,11
[2401, 0.001, 100],None,1238402.0,11
[2501, 0.001, 100],None,1289638.0,11
[2601, 0.001, 100],None,1342560.0,11
[2701, 0.001, 100],None,1392893.0,11
[2801, 0.001, 100],None,1443706.0,11
[2901, 0.001, 100],None,1496230.0,11
[3001, 0.001, 100],None,1554183.0,11
[3101, 0.001, 100],None,1598336.0,11
[3201, 0.001, 100],None,1648607.0,11
[3301, 0.001, 100],None,1703037.0,11
[3401, 0.001, 100],None,1752658.0,11
[3501, 0.001, 100],None,1811501.0,11
[3601, 0.001, 100],None,1853643.0,11
[3701, 0.001, 100],None,1908335.0,11
[3801, 0.001, 100],None,1959414.0,11
[3901, 0.001, 100],None,2029408.0,11
[4001, 0.001, 100],None,2071720.0,11
[4101, 0.001, 100],None,2114479.0,11
[4201, 0.001, 100],None,2173880.0,11
[4301, 0.001, 100],None,2226498.0,11
[4401, 0.001, 100],None,2275561.0,11
[4501, 0.001, 100],None,2326787.0,11
[4601, 0.001, 100],None,2395773.0,11
[4701, 0.001, 100],None,2440993.0,11
[4801, 0.001, 100],None,2497881.0,11
[4901, 0.001, 100],None,2550472.0,11
[5001, 0.001, 100],None,2599182.0,11
[5101, 0.001, 100],None,2650673.0,11
[5201, 0.001, 100],None,2701033.0,11
[5301, 0.001, 100],None,2753045.0,11
[5401, 0.001, 100],None,2807475.0,11
[5501, 0.001, 100],None,2862321.0,11
[5601, 0.001, 100],None,2907846.0,11
[5701, 0.001, 100],None,2965118.0,11
[5801, 0.001, 100],None,3011981.0,11
[5901, 0.001, 100],None,3066838.0,11
[6001, 0.001, 100],None,3112800.0,11
[6101, 0.001, 100],None,3177107.0,11
[6201, 0.001, 100],None,3220004.0,11
[6301, 0.001, 100],None,3272200.0,11
[6401, 0.001, 100],None,3324569.0,11
[6501, 0.001, 100],None,3373821.0,11
[6601, 0.001, 100],None,3442457.0,11
[6701, 0.001, 100],None,3485778.0,11
[6801, 0.001, 100],None,3530828.0,11
[6901, 0.001, 100],None,3578981.0,11
[7001, 0.001, 100],None,3639927.0,11
[7101, 0.001, 100],None,3691369.0,11
[7201, 0.001, 100],None,3744430.0,11
[7301, 0.001, 100],None,3788066.0,11
[7401, 0.001, 100],None,3840519.0,11
[7501, 0.001, 100],None,3899115.0,11
[7601, 0.001, 100],None,3942167.0,11
[7701, 0.001, 100],None,4001271.0,11
[7801, 0.001, 100],None,4057346.0,11
[7901, 0.001, 100],None,4107452.0,11
[8001, 0.001, 100],None,4150912.0,11
[8101, 0.001, 100],None,4202251.0,11
[8201, 0.001, 100],None,4253768.0,11
[8301, 0.001, 100],None,4312437.0,11
[8401, 0.001, 100],None,4377659.0,11
[8501, 0.001, 100],None,4413697.0,11
[8601, 0.001, 100],None,4462179.0,11
[8701, 0.001, 100],None,4515667.0,11
[8801, 0.001, 100],None,4564145.0,11
[8901, 0.001, 100],None,4622048.0,11
[9001, 0.001, 100],None,4669797.0,11
[9101, 0.001, 100],None,4722912.0,11
[9201, 0.001, 100],None,4770321.0,11
[9301, 0.001, 100],None,4821329.0,11
[9401, 0.001, 100],None,4897109.0,11
[9501, 0.001, 100],None,4924072.0,11
[9601, 0.001, 100],None,4976631.0,11
[9701, 0.001, 100],None,5036136.0,11
[9801, 0.001, 100],None,5077984.0,11
[9901, 0.001, 100],None,5131623.0,11
[10000, 0.001, 100],None,5193238.0,11
[1, 0.001, 0],None,1505.0,12
[101, 0.001, 0],None,52786.0,12
[201, 0.001, 0],None,105099.0,12
[301, 0.001, 0],None,156010.0,12
[401, 0.001, 0],None,207780.0,12
[501, 0.001, 0],None,259623.0,12
[601, 0.001, 0],None,310054.0,12
[701, 0.001, 0],None,362172.0,12
[801, 0.001, 0],None,413905.0,12
[901, 0.001, 0],None,464454.0,12
[1001, 0.001, 0],None,516247.0,12
[1101, 0.001, 0],None,568173.0,12
[1201, 0.001, 0],None,619023.0,12
[1301, 0.001, 0],None,671383.0,12
[1401, 0.001, 0],None,721238.0,12
[1501, 0.001, 0],None,772613.0,12
[1601, 0.001, 0],None,825262.0,12
[1701, 0.001, 0],None,877075.0,12
[1801, 0.001, 0],None,927413.0,12
[1901, 0.001, 0],None,983250.0,12
[2001, 0.001, 0],None,1029767.0,12
[2101, 0.001, 0],None,1082645.0,12
[2201, 0.001, 0],None,1133267.0,12
[2301, 0.001, 0],None,1186623.0,12
[2401, 0.001, 0],None,1236206.0,12
[2501, 0.001, 0],None,1287049.0,12
[2601, 0.001, 0],None,1339036.0,12
[2701, 0.001, 0],None,1389902.0,12
[2801, 0.001, 0],None,1441392.0,12
[2901, 0.001, 0],None,1495949.0,12
[3001, 0.001, 0],None,1552588.0,12
[3101, 0.001, 0],None,1598494.0,12
[3201, 0.001, 0],None,1647884.0,12
[3301, 0.001, 0],None,1698286.0,12
[3401, 0.001, 0],None,1754018.0,12
[3501, 0.001, 0],None,1813741.0,12
[3601, 0.001, 0],None,1853870.0,12
[3701, 0.001, 0],None,1910872.0,12
[3801, 0.001, 0],None,1976751.0,12
[3901, 0.001, 0],None,2021998.0,12
[4001, 0.001, 0],None,2066292.0,12
[4101, 0.001, 0],None,2131090.0,12
[4201, 0.001, 0],None,2171743.0,12
[4301, 0.001, 0],None,2216360.0,12
[4401, 0.001, 0],None,2290702.0,12
[4501, 0.001, 0],None,2341338.0,12
[4601, 0.001, 0],None,2392838.0,12
[4701, 0.001, 0],None,2443012.0,12
[4801, 0.001, 0],None,2492383.0,12
[4901, 0.001, 0],None,2544136.0,12
[5001, 0.001, 0],None,2597998.0,12
[5101, 0.001, 0],None,2652881.0,12
[5201, 0.001, 0],None,2704331.0,12
[5301, 0.001, 0],None,2756795.0,12
[5401, 0.001, 0],None,2805154.0,12
[5501, 0.001, 0],None,2858121.0,12
[5601, 0.001, 0],None,2907315.0,12
[5701, 0.001, 0],None,2961142.0,12
[5801, 0.001, 0],None,3013748.0,12
[5901, 0.001, 0],None,3067402.0,12
[6001, 0.001, 0],None,3112051.0,12
[6101, 0.001, 0],None,3167104.0,12
[6201, 0.001, 0],None,3218492.0,12
[6301, 0.001, 0],None,3272469.0,12
[6401, 0.001, 0],None,3323278.0,12
[6501, 0.001, 0],None,3372490.0,12
[6601, 0.001, 0],None,3425638.0,12
[6701, 0.001, 0],None,3477746.0,12
[6801, 0.001, 0],None,3529220.0,12
[6901, 0.001, 0],None,3581815.0,12
[7001, 0.001, 0],None,3634634.0,12
[7101, 0.001, 0],None,3689114.0,12
[7201, 0.001, 0],None,3736482.0,12
[7301, 0.001, 0],None,3791597.0,12
[7401, 0.001, 0],None,3845195.0,12
[7501, 0.001, 0],None,3890187.0,12
[7601, 0.001, 0],None,3940183.0,12
[7701, 0.001, 0],None,4002081.0,12
[7801, 0.001, 0],None,4047083.0,12
[7901, 0.001, 0],None,4095679.0,12
[8001, 0.001, 0],None,4153376.0,12
[8101, 0.001, 0],None,4200791.0,12
[8201, 0.001, 0],None,4252112.0,12
[8301, 0.001, 0],None,4308534.0,12
[8401, 0.001, 0],None,4354651.0,12
[8501, 0.001, 0],None,4407059.0,12
[8601, 0.001, 0],None,4467527.0,12
[8701, 0.001, 0],None,4513735.0,12
[8801, 0.001, 0],None,4564462.0,12
[8901, 0.001, 0],None,4623194.0,12
[9001, 0.001, 0],None,4667649.0,12
[9101, 0.001, 0],None,4725060.0,12
[9201, 0.001, 0],None,4774355.0,12
[9301, 0.001, 0],None,4824574.0,12
[9401, 0.001, 0],None,4872064.0,12
[9501, 0.001, 0],None,4926021.0,12
[9601, 0.001, 0],None,4976597.0,12
[9701, 0.001, 0],None,5035884.0,12
[9801, 0.001, 0],None,5081204.0,12
[9901, 0.001, 0],None,5132129.0,12
[10000, 0.001, 0],None,5185926.0,12
[1, 2.0, 0],None,1017.0,13
[101, 2.0, 0],None,1029.0,13
[201, 2.0, 0],None,1070.0,13
[301, 2.0, 0],None,1072.0,13
[401, 2.0, 0],None,1095.0,13
[501, 2.0, 0],None,1131.0,13
[601, 2.0, 0],None,1146.0,13
[701, 2.0, 0],None,1159.0,13
[801, 2.0, 0],None,1223.0,13
[901, 2.0, 0],None,1216.0,13
[1001, 2.0, 0],None,1235.0,13
[1101, 2.0, 0],None,1280.0,13
[1201, 2.0, 0],None,1284.0,13
[1301, 2.0, 0],None,1302.0,13
[1401, 2.0, 0],None,1361.0,13
[1501, 2.0, 0],None,1402.0,13
[1601, 2.0, 0],None,1379.0,13
[1701, 2.0, 0],None,1422.0,13
[1801, 2.0, 0],None,1471.0,13
[1901, 2.0, 0],None,1449.0,13
[2001, 2.0, 0],None,1506.0,13
[2101, 2.0, 0],None,1500.0,13
[2201, 2.0, 0],None,1532.0,13
[2301, 2.0, 0],None,1616.0,13
[2401, 2.0, 0],None,1600.0,13
[2501, 2.0, 0],None,1606.0,13
[2601, 2.0, 0],None,1651.0,13
[2701, 2.0, 0],None,1641.0,13
[2801, 2.0, 0],None,1667.0,13
[2901, 2.0, 0],None,1722.0,13
[3001, 2.0, 0],None,1718.0,13
[3101, 2.0, 0],None,1731.0,13
[3201, 2.0, 0],None,1790.0,13
[3301, 2.0, 0],None,1795.0,13
[3401, 2.0, 0],None,1817.0,13
[3501, 2.0, 0],None,1869.0,13
[3601, 2.0, 0],None,1868.0,13
[3701, 2.0, 0],None,1888.0,13
[3801, 2.0, 0],None,1982.0,13
[3901, 2.0, 0],None,1933.0,13
[4001, 2.0, 0],None,1960.0,13
[4101, 2.0, 0],None,2009.0,13
[4201, 2.0, 0],None,2008.0,13
[4301, 2.0, 0],None,2026.0,13
[4401, 2.0, 0],None,2084.0,13
[4501, 2.0, 0],None,2118.0,13
[4601, 2.0, 0],None,2096.0,13
[4701, 2.0, 0],None,2140.0,13
[4801, 2.0, 0],None,2143.0,13
[4901, 2.0, 0],None,2160.0,13
[5001, 2.0, 0],None,2217.0,13
[5101, 2.0, 0],None,2223.0,13
[5201, 2.0, 0],None,2239.0,13
[5301, 2.0, 0],None,2296.0,13
[5401, 2.0, 0],None,2296.0,13
[5501, 2.0, 0],None,2319.0,13
[5601, 2.0, 0],None,2366.0,13
[5701, 2.0, 0],None,2398.0,13
[5801, 2.0, 0],None,2385.0,13
[5901, 2.0, 0],None,2444.0,13
[6001, 2.0, 0],None,2467.0,13
[6101, 2.0, 0],None,2455.0,13
[6201, 2.0, 0],None,2553.0,13
[6301, 2.0, 0],None,2515.0,13
[6401, 2.0, 0],None,2524.0,13
[6501, 2.0, 0],None,2579.0,13
[6601, 2.0, 0],None,2580.0,13
[6701, 2.0, 0],None,2592.0,13
[6801, 2.0, 0],None,2651.0,13
[6901, 2.0, 0],None,2660.0,13
[7001, 2.0, 0],None,2664.0,13
[7101, 2.0, 0],None,2718.0,13
[7201, 2.0, 0],None,2745.0,13
[7301, 2.0, 0],None,2769.0,13
[7401, 2.0, 0],None,2800.0,13
[7501, 2.0, 0],None,2794.0,13
[7601, 2.0, 0],None,2800.0,13
[7701, 2.0, 0],None,2901.0,13
[7801, 2.0, 0],None,2853.0,13
[7901, 2.0, 0],None,2883.0,13
[8001, 2.0, 0],None,2937.0,13
[8101, 2.0, 0],None,2934.0,13
[8201, 2.0, 0],None,2972.0,13
[8301, 2.0, 0],None,3061.0,13
[8401, 2.0, 0],None,3005.0,13
[8501, 2.0, 0],None,3020.0,13
[8601, 2.0, 0],None,3088.0,13
[8701, 2.0, 0],None,3091.0,13
[8801, 2.0, 0],None,3097.0,13
[8901, 2.0, 0],None,3156.0,13
[9001, 2.0, 0],None,3142.0,13
[9101, 2.0, 0],None,3168.0,13
[9201, 2.0, 0],None,3228.0,13
[9301, 2.0, 0],None,3271.0,13
[9401, 2.0, 0],None,3234.0,13
[9501, 2.0, 0],None,3300.0,13
[9601, 2.0, 0],None,3302.0,13
[9701, 2.0, 0],None,3307.0,13
[9801, 2.0, 0],None,3381.0,13
[9901, 2.0, 0],None,3367.0,13
[10000, 2.0, 0],None,3388.0,13
[1, 0.001, 0],None,1497.0,14
[101, 0.001, 0],None,52873.0,14
[201, 0.001, 0],None,104787.0,14
[301, 0.001, 0],None,156609.0,14
[401, 0.001, 0],None,208266.0,14
[501, 0.001, 0],None,259927.0,14
[601, 0.001, 0],None,310590.0,14
[701, 0.001, 0],None,362845.0,14
[801, 0.001, 0],None,413792.0,14
[901, 0.001, 0],None,465352.0,14
[1001, 0.001, 0],None,517713.0,14
[1101, 0.001, 0],None,568459.0,14
[1201, 0.001, 0],None,620306.0,14
[1301, 0.001, 0],None,671874.0,14
[1401, 0.001, 0],None,722523.0,14
[1501, 0.001, 0],None,775565.0,14
[1601, 0.001, 0],None,825496.0,14
[1701, 0.001, 0],None,878680.0,14
[1801, 0.001, 0],None,928108.0,14
[1901, 0.001, 0],None,981191.0,14
[2001, 0.001, 0],None,1031802.0,14
[2101, 0.001, 0],None,1083476.0,14
[2201, 0.001, 0],None,1136180.0,14
[2301, 0.001, 0],None,1189058.0,14
[2401, 0.001, 0],None,1237689.0,14
[2501, 0.001, 0],None,1287903.0,14
[2601, 0.001, 0],None,1340482.0,14
[2701, 0.001, 0],None,1390779.0,14
[2801, 0.001, 0],None,1444799.0,14
[2901, 0.001, 0],None,1498441.0,14
[3001, 0.001, 0],None,1553374.0,14
[3101, 0.001, 0],None,1596489.0,14
[3201, 0.001, 0],None,1646719.0,14
[3301, 0.001, 0],None,1700725.0,14
[3401, 0.001, 0],None,1751724.0,14
[3501, 0.001, 0],None,1815581.0,14
[3601, 0.001, 0],None,1854030.0,14
[3701, 0.001, 0],None,1907494.0,14
[3801, 0.001, 0],None,1959111.0,14
[3901, 0.001, 0],None,2027873.0,14
[4001, 0.001, 0],None,2072027.0,14
[4101, 0.001, 0],None,2117958.0,14
[4201, 0.001, 0],None,2172835.0,14
[4301, 0.001, 0],None,2221298.0,14
[4401, 0.001, 0],None,2275573.0,14
[4501, 0.001, 0],None,2322447.0,14
[4601, 0.001, 0],None,2399446.0,14
[4701, 0.001, 0],None,2442672.0,14
[4801, 0.001, 0],None,2492326.0,14
[4901, 0.001, 0],None,2554528.0,14
[5001, 0.001, 0],None,2596566.0,14
[5101, 0.001, 0],None,2659560.0,14
[5201, 0.001, 0],None,2703534.0,14
[5301, 0.001, 0],None,2761456.0,14
[5401, 0.001, 0],None,2804545.0,14
[5501, 0.001, 0],None,2855619.0,14
[5601, 0.001, 0],None,2912867.0,14
[5701, 0.001, 0],None,2959629.0,14
[5801, 0.001, 0],None,3009467.0,14
[5901, 0.001, 0],None,3062022.0,14
[6001, 0.001, 0],None,3113568.0,14
[6101, 0.001, 0],None,3172408.0,14
[6201, 0.001, 0],None,3217747.0,14
[6301, 0.001, 0],None,3275639.0,14
[6401, 0.001, 0],None,3327621.0,14
[6501, 0.001, 0],None,3372325.0,14
[6601, 0.001, 0],None,3422416.0,14
[6701, 0.001, 0],None,3477096.0,14
[6801, 0.001, 0],None,3532735.0,14
[6901, 0.001, 0],None,3598829.0,14
[7001, 0.001, 0],None,3631561.0,14
[7101, 0.001, 0],None,3685007.0,14
[7201, 0.001, 0],None,3737141.0,14
[7301, 0.001, 0],None,3786206.0,14
[7401, 0.001, 0],None,3840961.0,14
[7501, 0.001, 0],None,3894533.0,14
[7601, 0.001, 0],None,3940886.0,14
[7701, 0.001, 0],None,3994780.0,14
[7801, 0.001, 0],None,4045331.0,14
[7901, 0.001, 0],None,4095866.0,14
[8001, 0.001, 0],None,4153280.0,14
[8101, 0.001, 0],None,4207093.0,14
[8201, 0.001, 0],None,4253115.0,14
[8301, 0.001, 0],None,4304079.0,14
[8401, 0.001, 0],None,4354711.0,14
[8501, 0.001, 0],None,4414675.0,14
[8601, 0.001, 0],None,4467946.0,14
[8701, 0.001, 0],None,4535575.0,14
[8801, 0.001, 0],None,4564424.0,14
[8901, 0.001, 0],None,4613756.0,14
[9001, 0.001, 0],None,4666325.0,14
[9101, 0.001, 0],None,4716758.0,14
[9201, 0.001, 0],None,4769586.0,14
[9301, 0.001, 0],None,4831647.0,14
[9401, 0.001, 0],None,4873040.0,14
[9501, 0.001, 0],None,4924714.0,14
[9601, 0.001, 0],None,4977003.0,14
[9701, 0.001, 0],None,5033149.0,14
[9801, 0.001, 0],None,5081875.0,14
[9901, 0.001, 0],None,5131672.0,14
[10000, 0.001, 0],None,5194688.0,14
[1, 1.0, 40],None,1013.0,15
[101, 1.0, 40],None,1073.0,15
[201, 1.0, 40],None,1108.0,15
[301, 1.0, 40],None,1140.0,15
[401, 1.0, 40],None,1222.0,15
[501, 1.0, 40],None,1240.0,15
[601, 1.0, 40],None,1283.0,15
[701, 1.0, 40],None,1366.0,15
[801, 1.0, 40],None,1378.0,15
[901, 1.0, 40],None,1439.0,15
[1001, 1.0, 40],None,1504.0,15
[1101, 1.0, 40],None,1536.0,15
[1201, 1.0, 40],None,1566.0,15
[1301, 1.0, 40],None,1644.0,15
[1401, 1.0, 40],None,1680.0,15
[1501, 1.0, 40],None,1728.0,15
[1601, 1.0, 40],None,1792.0,15
[1701, 1.0, 40],None,1817.0,15
[1801, 1.0, 40],None,1853.0,15
[1901, 1.0, 40],None,1972.0,15
[2001, 1.0, 40],None,1960.0,15
[2101, 1.0, 40],None,2021.0,15
[2201, 1.0, 40],None,2088.0,15
[2301, 1.0, 40],None,2114.0,15
[2401, 1.0, 40],None,2148.0,15
[2501, 1.0, 40],None,2228.0,15
[2601, 1.0, 40],None,2273.0,15
[2701, 1.0, 40],None,2291.0,15
[2801, 1.0, 40],None,2374.0,15
[2901, 1.0, 40],None,2392.0,15
[3001, 1.0, 40],None,2436.0,15
[3101, 1.0, 40],None,2511.0,15
[3201, 1.0, 40],None,2549.0,15
[3301, 1.0, 40],None,2573.0,15
[3401, 1.0, 40],None,2646.0,15
[3501, 1.0, 40],None,2708.0,15
[3601, 1.0, 40],None,2722.0,15
[3701, 1.0, 40],None,2835.0,15
[3801, 1.0, 40],None,2850.0,15
[3901, 1.0, 40],None,2864.0,15
[4001, 1.0, 40],None,2946.0,15
[4101, 1.0, 40],None,2966.0,15
[4201, 1.0, 40],None,3000.0,15
[4301, 1.0, 40],None,3088.0,15
[4401, 1.0, 40],None,3102.0,15
[4501, 1.0, 40],None,3154.0,15
[4601, 1.0, 40],None,3233.0,15
[4701, 1.0, 40],None,3248.0,15
[4801, 1.0, 40],None,3288.0,15
[4901, 1.0, 40],None,3378.0,15
[5001, 1.0, 40],None,3389.0,15
[5101, 1.0, 40],None,3467.0,15
[5201, 1.0, 40],None,3555.0,15
[5301, 1.0, 40],None,3539.0,15
[5401, 1.0, 40],None,3572.0,15
[5501, 1.0, 40],None,3669.0,15
[5601, 1.0, 40],None,3725.0,15
[5701, 1.0, 40],None,3722.0,15
[5801, 1.0, 40],None,3813.0,15
[5901, 1.0, 40],None,3828.0,15
[6001, 1.0, 40],None,3865.0,15
[6101, 1.0, 40],None,3956.0,15
[6201, 1.0, 40],None,3988.0,15
[6301, 1.0, 40],None,4002.0,15
[6401, 1.0, 40],None,4091.0,15
[6501, 1.0, 40],None,4111.0,15
[6601, 1.0, 40],None,4157.0,15
[6701, 1.0, 40],None,4241.0,15
[6801, 1.0, 40],None,4248.0,15
[6901, 1.0, 40],None,4291.0,15
[7001, 1.0, 40],None,4418.0,15
[7101, 1.0, 40],None,4421.0,15
[7201, 1.0, 40],None,4467.0,15
[7301, 1.0, 40],None,4527.0,15
[7401, 1.0, 40],None,4542.0,15
[7501, 1.0, 40],None,4581.0,15
[7601, 1.0, 40],None,4672.0,15
[7701, 1.0, 40],None,4701.0,15
[7801, 1.0, 40],None,4751.0,15
[7901, 1.0, 40],None,4819.0,15
[8001, 1.0, 40],None,4828.0,15
[8101, 1.0, 40],None,4862.0,15
[8201, 1.0, 40],None,4981.0,15
[8301, 1.0, 40],None,4976.0,15
[8401, 1.0, 40],None,5008.0,15
[8501, 1.0, 40],None,5134.0,15
[8601, 1.0, 40],None,5122.0,15
[8701, 1.0, 40],None,5191.0,15
[8801, 1.0, 40],None,5245.0,15
[8901, 1.0, 40],None,5263.0,15
[9001, 1.0, 40],None,5293.0,15
[9101, 1.0, 40],None,5397.0,15
[9201, 1.0, 40],None,5449.0,15
[9301, 1.0, 40],None,5480.0,15
[9401, 1.0, 40],None,5550.0,15
[9501, 1.0, 40],None,5544.0,15
[9601, 1.0, 40],None,5586.0,15
[9701, 1.0, 40],None,5678.0,15
[9801, 1.0, 40],None,5683.0,15
[9901, 1.0, 40],None,5764.0,15
[10000, 1.0, 40],None,5825.0,15
[1, 0.001, 0],None,1483.0,16
[101, 0.001, 0],None,52656.0,16
[201, 0.001, 0],None,104295.0,16
[301, 0.001, 0],None,156090.0,16
[401, 0.001, 0],None,207876.0,16
[501, 0.001, 0],None,259402.0,16
[601, 0.001, 0],None,310714.0,16
[701, 0.001, 0],None,362621.0,16
[801, 0.001, 0],None,413761.0,16
[901, 0.001, 0],None,465294.0,16
[1001, 0.001, 0],None,517539.0,16
[1101, 0.001, 0],None,570884.0,16
[1201, 0.001, 0],None,619740.0,16
[1301, 0.001, 0],None,671107.0,16
[1401, 0.001, 0],None,722547.0,16
[1501, 0.001, 0],None,773815.0,16
[1601, 0.001, 0],None,826767.0,16
[1701, 0.001, 0],None,878145.0,16
[1801, 0.001, 0],None,927969.0,16
[1901, 0.001, 0],None,979751.0,16
[2001, 0.001, 0],None,1031593.0,16
[2101, 0.001, 0],None,1086885.0,16
[2201, 0.001, 0],None,1136278.0,16
[2301, 0.001, 0],None,1185468.0,16
[2401, 0.001, 0],None,1239765.0,16
[2501, 0.001, 0],None,1288465.0,16
[2601, 0.001, 0],None,1340886.0,16
[2701, 0.001, 0],None,1393819.0,16
[2801, 0.001, 0],None,1442910.0,16
[2901, 0.001, 0],None,1498509.0,16
[3001, 0.001, 0],None,1554972.0,16
[3101, 0.001, 0],None,1595650.0,16
[3201, 0.001, 0],None,1647549.0,16
[3301, 0.001, 0],None,1701542.0,16
[3401, 0.001, 0],None,1751387.0,16
[3501, 0.001, 0],None,1810356.0,16
[3601, 0.001, 0],None,1855658.0,16
[3701, 0.001, 0],None,1906591.0,16
[3801, 0.001, 0],None,1977554.0,16
[3901, 0.001, 0],None,2022579.0,16
[4001, 0.001, 0],None,2061129.0,16
[4101, 0.001, 0],None,2131041.0,16
[4201, 0.001, 0],None,2173714.0,16
[4301, 0.001, 0],None,2219224.0,16
[4401, 0.001, 0],None,2275500.0,16
[4501, 0.001, 0],None,2338901.0,16
[4601, 0.001, 0],None,2378658.0,16
[4701, 0.001, 0],None,2428495.0,16
[4801, 0.001, 0],None,2497507.0,16
[4901, 0.001, 0],None,2550376.0,16
[5001, 0.001, 0],None,2596186.0,16
[5101, 0.001, 0],None,2650411.0,16
[5201, 0.001, 0],None,2699812.0,16
[5301, 0.001, 0],None,2752161.0,16
[5401, 0.001, 0],None,2805391.0,16
[5501, 0.001, 0],None,2860672.0,16
[5601, 0.001, 0],None,2911336.0,16
[5701, 0.001, 0],None,2963157.0,16
[5801, 0.001, 0],None,3010102.0,16
[5901, 0.001, 0],None,3061802.0,16
[6001, 0.001, 0],None,3112347.0,16
[6101, 0.001, 0],None,3171724.0,16
[6201, 0.001, 0],None,3221638.0,16
[6301, 0.001, 0],None,3276559.0,16
[6401, 0.001, 0],None,3321263.0,16
[6501, 0.001, 0],None,3375210.0,16
[6601, 0.001, 0],None,3424973.0,16
[6701, 0.001, 0],None,3481944.0,16
[6801, 0.001, 0],None,3533947.0,16
[6901, 0.001, 0],None,3580136.0,16
[7001, 0.001, 0],None,3631120.0,16
[7101, 0.001, 0],None,3681931.0,16
[7201, 0.001, 0],None,3737087.0,16
[7301, 0.001, 0],None,3790136.0,16
[7401, 0.001, 0],None,3839259.0,16
[7501, 0.001, 0],None,3896483.0,16
[7601, 0.001, 0],None,3940530.0,16
[7701, 0.001, 0],None,3993724.0,16
[7801, 0.001, 0],None,4046770.0,16
[7901, 0.001, 0],None,4096859.0,16
[8001, 0.001, 0],None,4155805.0,16
[8101, 0.001, 0],None,4201255.0,16
[8201, 0.001, 0],None,4251331.0,16
[8301, 0.001, 0],None,4307655.0,16
[8401, 0.001, 0],None,4354979.0,16
[8501, 0.001, 0],None,4419351.0,16
[8601, 0.001, 0],None,4461248.0,16
[8701, 0.001, 0],None,4518714.0,16
[8801, 0.001, 0],None,4565710.0,16
[8901, 0.001, 0],None,4620683.0,16
[9001, 0.001, 0],None,4676563.0,16
[9101, 0.001, 0],None,4717101.0,16
[9201, 0.001, 0],None,4780908.0,16
[9301, 0.001, 0],None,4840403.0,16
[9401, 0.001, 0],None,4883353.0,16
[9501, 0.001, 0],None,4934999.0,16
[9601, 0.001, 0],None,4989338.0,16
[9701, 0.001, 0],None,5030313.0,16
[9801, 0.001, 0],None,5091866.0,16
[9901, 0.001, 0],None,5132704.0,16
[10000, 0.001, 0],None,5205297.0,16
[1, 0.001, 100],None,1529.0,17
[101, 0.001, 100],None,52813.0,17
[201, 0.001, 100],None,104611.0,17
[301, 0.001, 100],None,156181.0,17
[401, 0.001, 100],None,208072.0,17
[501, 0.001, 100],None,259587.0,17
[601, 0.001, 100],None,310511.0,17
[701, 0.001, 100],None,362341.0,17
[801, 0.001, 100],None,413233.0,17
[901, 0.001, 100],None,464883.0,17
[1001, 0.001, 100],None,516068.0,17
[1101, 0.001, 100],None,568676.0,17
[1201, 0.001, 100],None,618775.0,17
[1301, 0.001, 100],None,670456.0,17
[1401, 0.001, 100],None,722074.0,17
[1501, 0.001, 100],None,773089.0,17
[1601, 0.001, 100],None,823925.0,17
[1701, 0.001, 100],None,881855.0,17
[1801, 0.001, 100],None,928607.0,17
[1901, 0.001, 100],None,980252.0,17
[2001, 0.001, 100],None,1030704.0,17
[2101, 0.001, 100],None,1083092.0,17
[2201, 0.001, 100],None,1133830.0,17
[2301, 0.001, 100],None,1183791.0,17
[2401, 0.001, 100],None,1235900.0,17
[2501, 0.001, 100],None,1289598.0,17
[2601, 0.001, 100],None,1339194.0,17
[2701, 0.001, 100],None,1390602.0,17
[2801, 0.001, 100],None,1441439.0,17
[2901, 0.001, 100],None,1494342.0,17
[3001, 0.001, 100],None,1555263.0,17
[3101, 0.001, 100],None,1599894.0,17
[3201, 0.001, 100],None,1648301.0,17
[3301, 0.001, 100],None,1699853.0,17
[3401, 0.001, 100],None,1753380.0,17
[3501, 0.001, 100],None,1814813.0,17
[3601, 0.001, 100],None,1854821.0,17
[3701, 0.001, 100],None,1908791.0,17
[3801, 0.001, 100],None,1960217.0,17
[3901, 0.001, 100],None,2029829.0,17
[4001, 0.001, 100],None,2072032.0,17
[4101, 0.001, 100],None,2112982.0,17
[4201, 0.001, 100],None,2176376.0,17
[4301, 0.001, 100],None,2222679.0,17
[4401, 0.001, 100],None,2276459.0,17
[4501, 0.001, 100],None,2323474.0,17
[4601, 0.001, 100],None,2395337.0,17
[4701, 0.001, 100],None,2442932.0,17
[4801, 0.001, 100],None,2493037.0,17
[4901, 0.001, 100],None,2549176.0,17
[5001, 0.001, 100],None,2598987.0,17
[5101, 0.001, 100],None,2649142.0,17
[5201, 0.001, 100],None,2702903.0,17
[5301, 0.001, 100],None,2754035.0,17
[5401, 0.001, 100],None,2818235.0,17
[5501, 0.001, 100],None,2858619.0,17
[5601, 0.001, 100],None,2908950.0,17
[5701, 0.001, 100],None,2965637.0,17
[5801, 0.001, 100],None,3013017.0,17
[5901, 0.001, 100],None,3069140.0,17
[6001, 0.001, 100],None,3116608.0,17
[6101, 0.001, 100],None,3166477.0,17
[6201, 0.001, 100],None,3220344.0,17
[6301, 0.001, 100],None,3271902.0,17
[6401, 0.001, 100],None,3323722.0,17
[6501, 0.001, 100],None,3377915.0,17
[6601, 0.001, 100],None,3428190.0,17
[6701, 0.001, 100],None,3476228.0,17
[6801, 0.001, 100],None,3530340.0,17
[6901, 0.001, 100],None,3590468.0,17
[7001, 0.001, 100],None,3633082.0,17
[7101, 0.001, 100],None,3688382.0,17
[7201, 0.001, 100],None,3743335.0,17
[7301, 0.001, 100],None,3789376.0,17
[7401, 0.001, 100],None,3841432.0,17
[7501, 0.001, 100],None,3892664.0,17
[7601, 0.001, 100],None,3947776.0,17
[7701, 0.001, 100],None,3996541.0,17
[7801, 0.001, 100],None,4048316.0,17
[7901, 0.001, 100],None,4122796.0,17
[8001, 0.001, 100],None,4151902.0,17
[8101, 0.001, 100],None,4202400.0,17
[8201, 0.001, 100],None,4254651.0,17
[8301, 0.001, 100],None,4306049.0,17
[8401, 0.001, 100],None,4356134.0,17
[8501, 0.001, 100],None,4413026.0,17
[8601, 0.001, 100],None,4456993.0,17
[8701, 0.001, 100],None,4519647.0,17
[8801, 0.001, 100],None,4572762.0,17
[8901, 0.001, 100],None,4614127.0,17
[9001, 0.001, 100],None,4672056.0,17
[9101, 0.001, 100],None,4716113.0,17
[9201, 0.001, 100],None,4771627.0,17
[9301, 0.001, 100],None,4821483.0,17
[9401, 0.001, 100],None,4880643.0,17
[9501, 0.001, 100],None,4924663.0,17
[9601, 0.001, 100],None,4979250.0,17
[9701, 0.001, 100],None,5034249.0,17
[9801, 0.001, 100],None,5080797.0,17
[9901, 0.001, 100],None,5140123.0,17
[10000, 0.001, 100],None,5193908.0,17
[1, 0.001, 0],None,1515.0,18
[101, 0.001, 0],None,52848.0,18
[201, 0.001, 0],None,104558.0,18
[301, 0.001, 0],None,156405.0,18
[401, 0.001, 0],None,207899.0,18
[501, 0.001, 0],None,259728.0,18
[601, 0.001, 0],None,310548.0,18
[701, 0.001, 0],None,362711.0,18
[801, 0.001, 0],None,413736.0,18
[901, 0.001, 0],None,465916.0,18
[1001, 0.001, 0],None,517632.0,18
[1101, 0.001, 0],None,568307.0,18
[1201, 0.001, 0],None,620071.0,18
[1301, 0.001, 0],None,670902.0,18
[1401, 0.001, 0],None,722742.0,18
[1501, 0.001, 0],None,775316.0,18
[1601, 0.001, 0],None,826107.0,18
[1701, 0.001, 0],None,879232.0,18
[1801, 0.001, 0],None,928217.0,18
[1901, 0.001, 0],None,980150.0,18
[2001, 0.001, 0],None,1031825.0,18
[2101, 0.001, 0],None,1084095.0,18
[2201, 0.001, 0],None,1134437.0,18
[2301, 0.001, 0],None,1185869.0,18
[2401, 0.001, 0],None,1237824.0,18
[2501, 0.001, 0],None,1290294.0,18
[2601, 0.001, 0],None,1340965.0,18
[2701, 0.001, 0],None,1391735.0,18
[2801, 0.001, 0],None,1443362.0,18
[2901, 0.001, 0],None,1497485.0,18
[3001, 0.001, 0],None,1553109.0,18
[3101, 0.001, 0],None,1597642.0,18
[3201, 0.001, 0],None,1647308.0,18
[3301, 0.001, 0],None,1698824.0,18
[3401, 0.001, 0],None,1751604.0,18
[3501, 0.001, 0],None,1811008.0,18
[3601, 0.001, 0],None,1852350.0,18
[3701, 0.001, 0],None,1909777.0,18
[3801, 0.001, 0],None,1976530.0,18
[3901, 0.001, 0],None,2019178.0,18
[4001, 0.001, 0],None,2062411.0,18
[4101, 0.001, 0],None,2131592.0,18
[4201, 0.001, 0],None,2173305.0,18
[4301, 0.001, 0],None,2228242.0,18
[4401, 0.001, 0],None,2290400.0,18
[4501, 0.001, 0],None,2335636.0,18
[4601, 0.001, 0],None,2390447.0,18
[4701, 0.001, 0],None,2441149.0,18
[4801, 0.001, 0],None,2493764.0,18
[4901, 0.001, 0],None,2549734.0,18
[5001, 0.001, 0],None,2601104.0,18
[5101, 0.001, 0],None,2649114.0,18
[5201, 0.001, 0],None,2696901.0,18
[5301, 0.001, 0],None,2756485.0,18
[5401, 0.001, 0],None,2803816.0,18
[5501, 0.001, 0],None,2860959.0,18
[5601, 0.001, 0],None,2911103.0,18
[5701, 0.001, 0],None,2957920.0,18
[5801, 0.001, 0],None,3010502.0,18
[5901, 0.001, 0],None,3061265.0,18
[6001, 0.001, 0],None,3116552.0,18
[6101, 0.001, 0],None,3182115.0,18
[6201, 0.001, 0],None,3218137.0,18
[6301, 0.001, 0],None,3269796.0,18
[6401, 0.001, 0],None,3322799.0,18
[6501, 0.001, 0],None,3377987.0,18
[6601, 0.001, 0],None,3429592.0,18
[6701, 0.001, 0],None,3487836.0,18
[6801, 0.001, 0],None,3529381.0,18
[6901, 0.001, 0],None,3588365.0,18
[7001, 0.001, 0],None,3632169.0,18
[7101, 0.001, 0],None,3692856.0,18
[7201, 0.001, 0],None,3751526.0,18
[7301, 0.001, 0],None,3852499.0,18
[7401, 0.001, 0],None,3841642.0,18
[7501, 0.001, 0],None,3909869.0,18
[7601, 0.001, 0],None,3949212.0,18
[7701, 0.001, 0],None,4016518.0,18
[7801, 0.001, 0],None,4058974.0,18
[7901, 0.001, 0],None,4104779.0,18
[8001, 0.001, 0],None,4181307.0,18
[8101, 0.001, 0],None,4214140.0,18
[8201, 0.001, 0],None,4274534.0,18
[8301, 0.001, 0],None,4320611.0,18
[8401, 0.001, 0],None,4365666.0,18
[8501, 0.001, 0],None,4412367.0,18
[8601, 0.001, 0],None,4468302.0,18
[8701, 0.001, 0],None,4520065.0,18
[8801, 0.001, 0],None,4572002.0,18
[8901, 0.001, 0],None,4631782.0,18
[9001, 0.001, 0],None,4672281.0,18
[9101, 0.001, 0],None,4731267.0,18
[9201, 0.001, 0],None,4780820.0,18
[9301, 0.001, 0],None,4830917.0,18
[9401, 0.001, 0],None,4882921.0,18
[9501, 0.001, 0],None,4929826.0,18
[9601, 0.001, 0],None,4986155.0,18
[9701, 0.001, 0],None,5041816.0,18
[9801, 0.001, 0],None,5088701.0,18
[9901, 0.001, 0],None,5140476.0,18
[10000, 0.001, 0],None,5190178.0,18
[1, 0.1, 0],None,1030.0,19
[101, 0.1, 0],None,1499.0,19
[201, 0.1, 0],None,1982.0,19
[301, 0.1, 0],None,2448.0,19
[401, 0.1, 0],None,2926.0,19
[501, 0.1, 0],None,3409.0,19
[601, 0.1, 0],None,3883.0,19
[701, 0.1, 0],None,4390.0,19
[801, 0.1, 0],None,4905.0,19
[901, 0.1, 0],None,5400.0,19
[1001, 0.1, 0],None,5917.0,19
[1101, 0.1, 0],None,6430.0,19
[1201, 0.1, 0],None,6910.0,19
[1301, 0.1, 0],None,7490.0,19
[1401, 0.1, 0],None,7995.0,19
[1501, 0.1, 0],None,8470.0,19
[1601, 0.1, 0],None,9002.0,19
[1701, 0.1, 0],None,9477.0,19
[1801, 0.1, 0],None,9978.0,19
[1901, 0.1, 0],None,10519.0,19
[2001, 0.1, 0],None,11044.0,19
[2101, 0.1, 0],None,11612.0,19
[2201, 0.1, 0],None,12104.0,19
[2301, 0.1, 0],None,12597.0,19
[2401, 0.1, 0],None,13081.0,19
[2501, 0.1, 0],None,13696.0,19
[2601, 0.1, 0],None,14158.0,19
[2701, 0.1, 0],None,14751.0,19
[2801, 0.1, 0],None,15232.0,19
[2901, 0.1, 0],None,15776.0,19
[3001, 0.1, 0],None,16318.0,19
[3101, 0.1, 0],None,16880.0,19
[3201, 0.1, 0],None,17463.0,19
[3301, 0.1, 0],None,17843.0,19
[3401, 0.1, 0],None,18415.0,19
[3501, 0.1, 0],None,18916.0,19
[3601, 0.1, 0],None,19435.0,19
[3701, 0.1, 0],None,20063.0,19
[3801, 0.1, 0],None,20573.0,19
[3901, 0.1, 0],None,21064.0,19
[4001, 0.1, 0],None,21498.0,19
[4101, 0.1, 0],None,22063.0,19
[4201, 0.1, 0],None,22654.0,19
[4301, 0.1, 0],None,23094.0,19
[4401, 0.1, 0],None,23583.0,19
[4501, 0.1, 0],None,23996.0,19
[4601, 0.1, 0],None,24569.0,19
[4701, 0.1, 0],None,25163.0,19
[4801, 0.1, 0],None,25633.0,19
[4901, 0.1, 0],None,26219.0,19
[5001, 0.1, 0],None,26749.0,19
[5101, 0.1, 0],None,27158.0,19
[5201, 0.1, 0],None,27650.0,19
[5301, 0.1, 0],None,28242.0,19
[5401, 0.1, 0],None,28687.0,19
[5501, 0.1, 0],None,29283.0,19
[5601, 0.1, 0],None,29727.0,19
[5701, 0.1, 0],None,30215.0,19
[5801, 0.1, 0],None,30804.0,19
[5901, 0.1, 0],None,31302.0,19
[6001, 0.1, 0],None,31843.0,19
[6101, 0.1, 0],None,32320.0,19
[6201, 0.1, 0],None,32918.0,19
[6301, 0.1, 0],None,33442.0,19
[6401, 0.1, 0],None,33934.0,19
[6501, 0.1, 0],None,34497.0,19
[6601, 0.1, 0],None,35026.0,19
[6701, 0.1, 0],None,35666.0,19
[6801, 0.1, 0],None,36031.0,19
[6901, 0.1, 0],None,36512.0,19
[7001, 0.1, 0],None,37041.0,19
[7101, 0.1, 0],None,37537.0,19
[7201, 0.1, 0],None,38165.0,19
[7301, 0.1, 0],None,38666.0,19
[7401, 0.1, 0],None,39195.0,19
[7501, 0.1, 0],None,39568.0,19
[7601, 0.1, 0],None,40250.0,19
[7701, 0.1, 0],None,40691.0,19
[7801, 0.1, 0],None,41211.0,19
[7901, 0.1, 0],None,41784.0,19
[8001, 0.1, 0],None,42195.0,19
[8101, 0.1, 0],None,42661.0,19
[8201, 0.1, 0],None,43374.0,19
[8301, 0.1, 0],None,43708.0,19
[8401, 0.1, 0],None,44306.0,19
[8501, 0.1, 0],None,44856.0,19
[8601, 0.1, 0],None,45434.0,19
[8701, 0.1, 0],None,45850.0,19
[8801, 0.1, 0],None,46432.0,19
[8901, 0.1, 0],None,46932.0,19
[9001, 0.1, 0],None,47375.0,19
[9101, 0.1, 0],None,48000.0,19
[9201, 0.1, 0],None,48397.0,19
[9301, 0.1, 0],None,48931.0,19
[9401, 0.1, 0],None,49613.0,19
[9501, 0.1, 0],None,50163.0,19
[9601, 0.1, 0],None,50471.0,19
[9701, 0.1, 0],None,51073.0,19
[9801, 0.1, 0],None,51549.0,19
[9901, 0.1, 0],None,52157.0,19
[10000, 0.1, 0],None,52655.0,19
